912
9887
-929 -245
17 979
128 -843
803 652
-751 -68
399 217
254 -177
-77 -911
-975 -908
-278 786
-461 -306
510 -144
805 -960
424 634
-741 -201
-149 843
-789 -579
-756 -910
-632 819
942 -31
-605 270
644 317
422 135
-61 -861
-60 18
-40 880
-148 710
-537 615
-838 510
899 905
-942 319
28 185
-386 984
-491 84
661 859
670 -733
938 816
-133 -468
778 921
829 -501
786 508
-790 -480
-808 -811
188 422
-249 264
852 141
297 -115
-1000 -3
715 -152
420 17
-835 608
670 -547
264 -247
813 614
-904 -317
661 -693
701 977
-313 428
-984 639
897 676
-164 -107
-810 -697
177 238
366 -329
-377 897
248 69
556 -890
-228 76
-389 476
-651 -339
-834 711
521 -390
-710 -690
660 -74
-931 -35
968 -820
-634 864
902 352
-778 174
-99 513
-955 431
215 -122
-38 -666
300 -395
245 -914
-814 -733
581 816
418 -107
824 603
695 296
48 -101
436 -549
163 632
-870 65
997 -757
206 -220
921 -40
-877 -699
-932 277
-971 -572
-989 -813
864 586
-155 -553
427 204
-711 -566
-877 -846
72 -830
403 423
-316 -604
-261 -77
337 -447
797 11
360 776
515 -109
368 307
-802 658
983 -723
-44 538
662 -787
454 961
416 776
-491 -334
-126 388
164 638
94 251
-283 356
905 340
-598 -185
416 -724
-450 604
-433 -422
-148 968
-951 -576
312 551
-938 -677
9 585
113 -350
-639 -379
473 -197
456 -803
204 732
890 -269
243 -834
351 -95
691 146
433 134
751 -681
-123 -982
399 921
-409 -173
934 613
191 -260
-411 894
-335 -218
942 112
-151 513
304 260
198 -651
718 411
865 101
-258 -335
-80 -652
26 -953
361 454
-877 703
-701 -586
190 -285
-797 -905
-464 -670
-660 178
251 -674
223 889
393 -878
-383 -851
519 461
613 306
25 825
-167 832
-730 -766
-881 969
346 -374
-181 309
572 569
-836 230
889 683
367 796
-223 906
-363 -793
324 -256
-311 -912
-627 -313
893 -574
-886 -518
-701 836
-753 556
-675 744
-553 181
252 673
-865 -652
425 57
43 646
749 24
866 276
-152 713
887 -748
-361 -838
-588 818
-432 -653
307 426
985 -247
-231 503
-10 -969
944 837
-312 225
175 227
456 575
476 418
-331 -481
999 -528
-494 533
-238 939
-17 -148
-36 517
-41 -790
-705 -301
-814 -379
836 721
-359 -38
906 -483
-651 556
-955 803
-664 953
-948 -882
988 299
108 -704
-348 -910
81 513
243 -584
877 -876
292 833
35 33
-930 168
-12 683
-580 -261
417 353
-566 95
561 -228
941 -328
-147 464
149 267
281 -491
188 -665
998 272
42 -631
862 -954
-855 -505
-626 -929
665 293
-302 -902
711 734
254 627
59 611
868 971
262 -338
-297 708
869 414
720 -833
310 -467
414 -286
571 -286
672 -554
-562 106
-561 -647
-765 -703
861 -139
-94 -403
-649 -38
-597 -360
-887 -78
195 558
-344 398
-451 733
-706 -446
294 -544
-97 858
782 -914
354 4
-445 -443
-392 -354
715 -1
990 905
-443 -712
-740 706
579 722
835 892
-411 -358
434 63
-14 30
-123 349
-151 -128
-995 -868
-306 -199
-763 79
578 -455
-303 -658
126 301
36 61
89 -131
-605 911
-771 -164
-98 -722
-415 -91
-329 771
-918 -38
44 375
-285 224
-205 -646
-447 -731
-72 791
-103 712
220 455
65 -638
834 -697
661 -165
219 153
466 978
-733 -946
340 -816
82 -404
713 444
-879 276
509 -992
-728 -252
33 447
-533 807
-933 -710
-784 741
309 90
-340 590
-172 500
-261 -199
-371 197
-537 307
491 -927
-566 -370
952 450
181 912
671 -843
227 -796
-371 -576
-97 395
252 267
282 744
774 -808
754 -823
199 -580
191 -991
574 10
-155 154
-562 352
628 -946
18 -863
625 210
-95 -244
776 44
-967 507
-743 -407
544 183
130 -515
-964 797
847 661
-527 -551
-610 -57
-974 -524
353 66
-282 548
83 -961
57 -833
-505 -383
749 -251
-537 -718
477 225
-617 270
903 389
-766 -315
342 -66
-726 331
-579 40
-776 -36
45 46
840 266
-672 912
450 -221
-941 544
776 838
-996 -691
217 -591
-233 842
104 -938
-594 -156
564 -638
707 -223
-64 334
-578 573
-599 -745
-358 656
177 -723
629 946
149 210
-362 -741
-797 575
479 -648
599 975
-877 -553
-973 -24
-833 -643
281 -130
413 511
-533 771
364 531
72 -140
-347 -359
-366 -451
-4 -716
-709 49
-373 443
778 407
464 441
397 555
-660 -913
922 -106
985 282
-417 759
-318 -134
516 -292
491 -149
3 -100
252 525
184 277
-610 227
-952 278
-734 -300
-446 512
781 -335
-297 -171
574 177
-411 185
340 15
19 -447
914 -159
914 298
-89 404
-169 -481
-560 511
5 -367
776 -117
-280 -405
-237 357
-377 689
-151 -424
-905 -648
682 -97
-269 454
485 -693
-213 424
-235 544
27 749
363 -616
-449 416
222 920
389 -157
778 -382
575 -26
-801 -951
735 -439
331 768
645 878
-346 58
915 -863
594 -337
410 544
-229 -328
642 151
-142 560
416 -474
-820 516
-155 822
-520 982
-215 -134
-436 866
822 -39
-897 -67
-479 561
-889 -569
979 699
-521 649
177 725
-127 552
-732 -391
492 -815
426 316
261 381
586 -889
672 -787
190 316
-832 -885
234 672
775 405
669 178
262 744
-755 516
-311 -905
-310 -744
-351 732
-995 632
-455 931
468 -361
-151 501
-775 563
636 169
-164 -524
-844 -410
-49 708
-829 -304
-406 -707
209 657
48 785
681 -128
-341 -502
654 -188
133 408
-682 306
-286 -906
-607 105
-596 431
313 877
994 32
338 444
-259 355
-446 -945
109 -182
-712 -470
454 494
639 -661
-42 236
882 -997
-69 -205
235 221
-145 -757
663 111
576 63
962 -30
-60 702
-789 582
505 311
-476 957
-104 -503
965 899
383 306
-903 -461
-901 397
965 20
395 250
713 75
-825 48
310 459
-299 408
539 -895
-805 -526
366 978
-189 713
-31 -438
-245 842
152 -121
90 899
327 -921
-289 817
-82 373
335 755
263 374
694 62
489 295
-346 403
988 799
-474 -407
858 -581
313 17
728 -526
543 -119
976 831
-504 781
34 -131
122 643
-737 209
694 -376
231 -886
174 -381
-496 -915
974 -885
-236 953
-15 -407
-31 141
-899 258
662 -952
-232 -478
-930 -354
203 812
-460 -211
724 -134
-6 667
645 -667
-128 409
-364 482
-356 949
-611 -266
-266 681
-47 290
294 -618
-211 205
-390 986
151 -100
-117 392
-264 -517
-781 -431
198 259
966 -158
-56 -867
154 -275
562 734
335 -338
-662 520
-161 -995
108 20
416 -683
625 -141
857 -929
179 -77
-511 -937
648 -119
-47 -459
421 -39
715 -178
-970 -218
-843 -346
45 662
-392 -131
-60 -51
174 -517
960 75
637 973
-602 -948
-182 -452
152 -729
905 815
600 145
-647 708
-522 941
-341 826
730 -923
136 891
-54 -827
-946 947
-651 801
320 -685
-244 -89
611 640
-727 -516
811 -138
-856 -354
111 809
-189 -911
-906 31
318 589
205 -42
50 515
-751 -505
825 639
-367 -2
-779 136
523 -64
253 -476
987 12
-788 -77
-616 579
-375 651
390 -457
405 517
978 -55
-1 850
-185 904
-193 776
618 755
-194 -233
-257 250
488 468
-655 -780
910 717
-697 -1
106 -236
89 -943
211 -15
420 -436
-438 923
554 445
602 -979
545 -642
-170 -418
-178 -923
-71 -104
-782 804
-812 -900
187 -699
-883 884
146 202
706 -356
-723 622
-701 202
-195 -811
-86 -468
805 430
-350 -455
-575 -566
-96 387
-645 227
-760 779
597 -297
282 220
811 -362
402 -144
50 16
804 377
-750 156
408 618
-498 982
369 -248
534 -830
-784 265
-754 -889
-184 -374
-312 -801
-262 642
851 -827
-761 -45
888 313
-837 -130
505 751
-715 -622
-426 -775
778 -386
-870 -204
67 525
-749 -837
-713 706
-797 -931
115 -297
432 13
253 -282
-741 -712
-922 -420
-924 722
479 -955
634 630
707 -224
57 257
-721 -796
-172 196
-119 595
-390 -39
-755 940
729 971
-470 -789
-492 -701
529 -758
-1000 849
116 907
-135 -371
-30 -93
328 -100
728 -598
-936 -97
650 -546
-515 265
-398 -338
-63 742
499 -477
-673 -172
-802 -270
374 -638
198 542
-513 -756
-347 -518
919 538
-867 463
239 -724
237 461
368 388
757 694
173 -305
-761 -691
-316 494
994 -246
-283 -173
681 -85
-304 532
387 155
-479 -289
112 8
-540 108
62 490
239 -909
-530 -76
-864 -549
-981 -257
-916 967
657 75
253 682
550 -171
-71 -505
632 -799
5 -479
146 -22
894 -852
-476 -250
-946 606
937 -406
359 147
-883 -557
-137 -793
3 404
392 824
-427 -721
-719 585
543 167
399 -130
-861 -258
-92 -197
-811 -631
600 -850
-957 -813
101 155
453 -707
275 722
-576 238
613 -276
284 691
-435 940
-508 486
-493 -259
-702 -459
-498 -153
-461 -357
263 563
-768 -886
589 -696
971 472
405 686
-921 213
-679 913
365 -947
-470 -400
160 222
783 46
-784 -275
-238 -777
-608 -63
973 492
646 274
830 79
-777 -65
-758 234
-824 106
-949 -323
-420 -913
800 -411
-245 88
-152 -58
-191 -514
349 -155
342 -679
948 -404
-743 408
296 -140
395 672
-365 623
274 351
50 -312
139 -871
-26 -464
905 -391
657 166
308 514
734 404
294 757
-517 94
-875 -240
-986 -655
161 -661
520 889
-539 -55
-575 473
-773 85
-70 514
-554 -604
19 815
-790 -232
-29 370
975 168
-663 -112
-102 -272
-367 557
-174 -252
-344 617
915 -177
755 707
-621 726
-963 974
281 246
-868 998
-638 -144
-33 -597
111 788
450 -152
-133 880
-306 963
797 540
-710 636
846 123
-34 134
414 -58
-547 113
249 -560
884 345
-636 -270
530 667
-85 981
-371 223
241 -878
-323 -314
-589 658
893 -653
-935 -97
876 -336
644 437
992 -838
-969 -886
-234 -933
881 416
-186 -834
-210 876
622 -574
108 -196
984 -460
-131 -314
886 -72
757 -810
420 -241
62 467
122 38
203 -372
537 -804
-126 -742
588 -792
-623 -664
-748 185
-31 697
722 -955
-388 311
-283 -435
-469 -422
108 -399
680 829
17 -458
87 -768
-763 60
776 272
-207 -274
-942 523
39 -748
568 -79
59 281
98 353
380 -390
-166 -686
-961 326
-948 -852
-896 -910
-644 -587
412 -235
-65 920
317 675
863 -587
-732 -770
-568 -444
257 216
-981 555
-633 -191
683 -324
-638 835
907 -299
816 248
-414 -35
414 33
-217 570
295 358
232 286
380 910
-971 -821
-556 -143
632 223
-80 903
-100 -283
298 -571
970 -598
-159 -390
-716 -577
-694 262
-614 158
816 949
356 118
-715 908
-270 -386
147 181
939 49
390 -313
57 160
-174 243
-745 545
-902 -854
-978 276
-168 -692
-554 736
-547 -517
790 919
-78 -699
-796 -380
862 -388
-308 -386
601 -363
-829 -742
187 831
-21 -807
-514 451
-343 821
38 106
192 -20
-627 797
438 -634
-218 699
771 -419
-948 -323
588 988
844 310
-657 175
-464 17
-946 -354
123 751
-17 -64
967 -505
-1 -394
601 -224
818 -666
-559 -148
-60 322
-763 -319
-203 455
-239 -856
703 -301
630 -433
-864 877
805 143
-635 252
-117 -231
631 -249
94 -436
-928 -197
490 491
-75 -575
-793 -890
701 863
-595 -454
-482 349
101 563
-268 -186
-92 -478
-721 184
766 398
458 -758
-658 -647
736 237
12 -890
-212 850
-595 626
-616 -436
-241 371
-676 582
-572 -822
-730 868
-963 103
920 275
976 587
812 -499
258 -952
920 -5
-620 711
-128 -891
-760 422
-902 486
788 -294
327 -978
659 -708
931 -218
270 -818
776 -892
545 373
-441 469
142 677
-640 473
203 905
-687 415
81 -957
13 648
-509 218
215 806
915 212
760 637
800 788
949 509
801 -974
864 683
905 -751
-647 -524
-902 -975
-173 -979
-864 -881
-556 -584
-926 882
689 -579
407 342
-367 -697
986 -674
401 89
626 316
-965 645
645 246
-403 -759
705 907
-58 -853
444 72
813 -943
-231 -274
-947 -99
-128 -152
448 -388
-336 337
-62 272
615 622
260 -164
848 -790
57 -513
967 301
-127 -82
503 -311
-774 -929
-156 90
529 16
-36 -1000
700 95
-460 226
-1000 -262
750 -20
801 -55
-122 918
-371 532
-38 815
-897 -824
400 874
-111 -644
-30 370
365 910
633 134
720 -261
278 766
-290 483
-216 -74
510 375
-20 -807
-422 -983
659 -533
565 -594
121 -643
-205 -430
-889 533
194 -931
703 701
-906 -915
-850 965
-341 -606
-103 -589
-547 -897
-736 600
788 413
-717 -465
-15 514
-441 -48
157 186
-342 -382
798 -413
-797 938
-517 -987
-601 -620
793 -995
321 290
274 -883
935 -832
446 27
-271 -86
639 -13
184 102
695 604
637 -587
-639 -887
216 439
-75 517
-731 -362
-288 190
-378 751
494 502
-612 -59
-332 -499
-928 -679
-913 927
-26 173
-869 -571
429 734
611 -249
-622 618
-236 -240
395 -591
773 805
387 246
313 -813
-283 -57
-588 829
-899 -851
-479 363
183 689
477 -692
161 807
127 -455
398 564
-543 894
-872 650
41 -287
-203 160
914 558
-252 356
-614 -475
-578 447
-992 479
294 -234
55 -788
384 -599
343 557
-199 278
-571 -504
-37 -448
184 990
366 -398
-972 897
-863 686
-291 -63
680 158
-952 -824
-599 113
-866 -699
-906 134
-380 -643
931 111
219 769
781 -903
-95 530
533 -385
-659 -889
515 509
-742 172
-901 602
275 -260
-589 326
806 843
-662 -493
727 -361
457 758
577 -827
-381 58
-806 -730
876 -644
452 447
-638 49
648 708
266 -225
479 902
-318 -260
496 -865
690 -282
-120 573
632 418
974 335
871 -219
854 -793
-774 557
-487 381
-624 -405
-33 904
874 -188
720 197
-699 -566
427 265
526 519
348 -920
-360 632
-605 137
38 877
-456 -148
33 -793
96 862
-870 934
479 53
331 -755
32 438
503 211
899 -497
-821 -252
-238 -808
-266 687
-444 347
904 -652
-467 -516
670 497
-701 946
883 -765
-227 -388
-677 89
-290 -856
-647 -882
830 -816
84 360
610 -827
88 107
856 -504
-277 -751
454 -162
677 78
731 816
-714 617
-450 746
421 256
667 40
950 -908
605 508
343 979
382 815
584 -585
230 -863
-190 926
353 59
-529 -218
-311 779
801 787
-363 555
-35 974
538 166
540 -750
-640 -295
-184 -257
481 -858
-916 445
381 -604
804 180
-379 136
-441 940
140 812
842 -845
-695 393
-181 -426
-55 -387
426 577
-493 350
-453 -582
-955 -272
615 -404
850 984
-776 -496
-495 385
167 -782
-607 943
-998 -164
817 225
-90 952
774 209
390 206
854 611
-745 -71
-803 62
-858 609
-137 -381
375 821
654 -681
-483 796
625 -704
-489 -547
548 -5
803 -194
-356 -339
-607 491
-771 239
861 -219
-159 -844
-125 -626
-695 -646
323 -583
-576 659
75 -637
503 183
-735 -378
385 906
409 -280
-166 569
610 -121
947 872
490 901
-821 708
787 211
131 279
-60 -401
-321 -933
882 -611
178 870
565 330
623 -729
182 -707
-17 -430
-231 259
-316 -256
-482 -212
-740 690
-924 -505
537 -833
199 845
-213 163
-645 -435
541 -131
616 588
891 594
-334 -750
385 -885
-435 -617
344 -355
58 756
-794 -36
-351 401
-880 705
-731 480
507 -2
30 -365
68 -552
861 24
-935 -817
-778 384
336 -217
451 364
-309 139
327 -646
-949 40
29 -107
66 -383
900 859
246 -973
-172 -438
-846 819
-254 -242
711 -766
-7 -1
-295 132
945 967
-400 990
949 919
-380 -828
851 493
224 -802
-952 528
110 -419
362 -833
788 506
-860 -355
984 -877
-850 -845
989 -373
570 62
543 -189
-870 77
-284 -736
-530 -740
419 -190
-236 908
659 508
499 -475
543 662
530 627
363 718
-949 -75
-35 142
-113 -923
63 -661
-480 -325
-908 189
-226 -847
437 569
283 175
-348 654
288 -538
-181 -518
79 585
153 -541
-434 -228
-844 -349
627 925
-368 -631
-593 609
-515 685
-292 -403
-835 -825
217 498
-19 -678
-719 -447
-377 690
849 993
316 482
500 327
-333 962
-748 592
684 949
-981 967
386 16
-339 -50
696 -988
515 85
-81 329
88 415
492 -504
126 251
971 -403
487 297
-76 -788
40 258
-535 -255
742 -949
119 918
642 -768
727 -84
-866 -519
445 -582
797 901
498 -127
-620 -532
182 91
993 910
-812 -194
206 77
-851 -282
883 -52
-395 -272
-306 788
-681 -825
-663 -633
626 -530
57 396
-111 -65
93 598
-918 -555
556 -342
-547 -785
894 696
-452 -493
590 145
-80 735
-220 59
927 -425
-957 529
791 -313
-952 889
376 -5
-98 765
188 -893
-199 526
-143 854
-678 491
-971 -314
-322 836
-237 -32
411 -407
-151 -916
203 99
670 -931
389 922
-938 616
-554 779
-51 -151
-514 -775
-252 -556
100 -740
622 717
416 -692
800 -187
-973 -861
-905 385
249 131
-84 -196
381 -933
605 614
74 510
123 -357
187 693
406 401
978 -892
-336 -94
-57 996
-291 -883
948 -205
-816 -469
-231 -21
-130 943
732 542
726 601
54 566
-941 782
230 471
-241 103
366 -384
19 -83
275 820
-7 637
-646 193
-95 823
-546 -715
-238 216
-638 714
-394 499
-831 -698
-651 842
210 50
-224 68
422 -340
397 -959
-272 220
-833 -957
-669 465
484 267
964 125
-214 -632
-1000 -877
579 350
224 -890
-927 -794
262 -237
-952 951
-380 -78
159 -240
428 -110
-998 72
-888 904
-998 -630
-594 814
-449 -327
-108 -572
-788 521
552 -443
-694 450
-875 910
512 -938
-524 950
-354 -480
685 -370
849 -736
224 -173
-823 375
-735 -504
-819 679
-661 -511
-858 951
459 187
923 -280
-228 -372
-337 -539
-106 813
-810 -106
721 445
523 579
145 249
70 -115
-915 -493
-367 -754
66 797
415 626
821 923
-213 809
-597 32
723 -519
990 -898
505 -137
-552 -684
-539 -247
919 147
-101 -940
72 672
218 866
51 -232
260 899
631 794
-490 -354
34 -633
-221 -500
629 501
-39 -801
338 -872
-919 585
899 -536
74 244
-655 204
258 495
172 -745
687 -624
-805 -971
679 998
-536 -619
-74 843
93 986
428 -605
-615 -117
-444 -548
-248 -638
367 -809
287 -539
441 282
310 -831
-589 308
-146 -835
128 220
910 -975
457 512
-59 652
-242 850
-90 -866
441 244
-996 -326
145 -827
-894 -355
-346 -185
205 196
477 -501
629 -834
-11 -407
-636 -304
-379 -305
831 -693
531 797
-326 986
-107 316
362 -115
-339 176
-4 -893
-615 973
-98 682
651 724
-97 119
-790 90
-530 -413
507 194
842 -170
418 -690
-623 -242
359 -190
-117 203
61 -419
190 981
-757 104
-962 -18
769 946
-231 224
666 798
746 -620
-27 832
-815 -435
-193 -66
454 -498
696 41
-933 413
396 -172
253 -697
-312 95
627 -795
515 700
268 -272
347 840
-985 -256
655 376
-176 -347
127 297
-50 370
-502 83
524 517
151 -893
-230 -546
368 -6
714 -586
718 887
636 -776
353 213
-189 185
-631 110
-479 387
819 496
-144 -707
-639 722
-597 -811
123 956
890 -582
-5 18
241 -95
964 -490
-541 -933
995 -421
230 110
-755 374
-671 -780
-713 -1
275 -24
-969 -240
-92 -77
-888 -993
203 -556
-897 -972
-457 -595
671 -320
-261 -611
725 -818
776 985
817 179
901 -662
767 947
806 -644
346 381
-846 -6
988 -948
-332 -777
-11 -292
-693 -260
-432 -478
864 976
520 -752
638 646
-528 927
139 -219
466 -241
67 -768
524 -121
-686 110
962 340
-576 978
-794 416
-41 610
791 -350
58 -376
644 504
840 -431
-552 -223
829 548
695 747
481 -155
59 -309
-774 836
-59 309
767 -416
666 882
95 60
780 -286
889 -405
-334 588
-636 -248
295 -916
-142 -229
-967 -122
532 427
675 -929
95 77
351 215
482 -852
481 -441
-334 991
-679 -405
-959 -613
633 -717
627 -914
-384 103
714 824
-701 -48
19 -334
35 460
895 -535
564 -65
349 244
647 -935
35 349
-750 255
953 962
390 553
-676 -214
364 -825
144 67
-918 -113
-99 301
860 -551
546 533
309 -184
-164 949
-984 894
-967 576
690 -836
205 328
756 198
369 -284
627 -56
716 852
-566 36
121 -878
599 -821
779 -222
-668 -913
-906 -784
258 -982
729 955
-882 -445
121 -765
315 726
724 634
-668 810
-271 682
-822 -25
-699 -846
-669 -366
716 649
163 539
938 415
495 342
-199 -436
106 -40
249 -741
701 -700
-485 -509
-983 -340
-510 113
806 489
767 -218
-419 -963
921 -295
-783 -43
-627 -685
900 245
266 -579
-813 766
782 241
-718 662
308 -871
-112 -926
481 644
-557 -891
-229 -732
393 478
142 195
-753 -978
200 976
-922 711
4 -346
532 -737
35 -597
584 -833
-359 263
-704 -988
-532 630
969 665
527 -138
-476 -441
-835 562
-959 -752
-113 191
-485 740
-757 -203
443 927
170 -445
-421 253
256 -543
330 -728
842 75
472 -782
804 -813
-855 975
172 -724
320 -595
-21 928
-196 -716
-825 159
124 -198
838 -870
99 -305
-703 53
-746 -894
-243 577
690 -815
618 -654
791 372
521 -476
-366 31
-254 613
860 -468
-902 58
404 -331
87 -125
-358 677
-798 236
104 -878
-708 -468
936 -710
-880 839
-58 -227
-211 611
-3 -802
392 -597
-25 -794
-45 -421
-51 -794
784 -364
560 50
-291 445
825 -513
-544 77
595 536
86 925
-364 -593
931 -911
927 -438
595 649
-730 -100
-257 851
159 848
540 -485
682 158
520 -875
307 239
-515 897
-838 484
-191 871
908 -867
122 178
-793 628
476 -398
875 -321
-277 -894
166 225
-501 -224
588 -789
-967 482
268 -676
688 -884
463 790
-106 -627
-602 -666
-364 -319
-93 -277
-558 -963
74 -701
138 -571
248 -793
-151 930
-671 -755
-575 442
-790 876
-967 926
924 -964
-278 -858
-994 939
608 -400
864 393
-239 -499
665 200
372 -658
-112 619
773 -449
215 362
-288 879
613 403
-595 924
-559 -541
-10 -270
767 -555
90 -813
397 -779
-960 219
-850 -982
669 -462
-501 964
-778 247
864 -173
-841 706
-423 277
917 -46
604 -385
223 594
963 43
68 845
808 1000
-893 861
575 158
372 -175
707 46
-726 -286
589 -755
-14 921
-366 -411
95 805
-637 628
-720 -964
890 543
277 -380
946 733
893 -635
-743 138
-61 -744
27 442
-605 308
576 657
174 -20
-67 812
-8 -958
-336 -465
930 612
-386 -710
522 682
-98 468
442 -618
-69 -589
715 -512
-822 878
947 -116
-487 155
636 -997
222 101
-777 -378
-282 -774
-297 152
438 -716
303 -39
-523 791
499 -859
-75 63
-401 72
-914 -338
-39 -887
977 -526
486 776
-308 -884
-235 535
-511 -175
-297 -509
129 -729
899 -569
950 -575
338 162
132 -283
-121 -340
-38 854
-605 -226
-879 -513
269 720
-892 44
372 -813
-646 6
638 376
768 572
-492 589
-727 116
719 25
851 145
385 -572
-737 -268
190 -424
135 73
310 -862
-569 -561
608 -134
-875 513
232 -363
889 -564
8 -973
135 478
846 -17
-285 -493
769 416
-988 -812
-437 -212
-983 793
-655 644
-979 705
-99 829
902 -344
729 -825
-547 182
-111 -158
-525 354
141 -522
309 185
-493 -174
33 -957
-39 -98
-906 571
741 -532
262 769
-666 106
542 73
-452 916
175 -633
-76 -237
539 709
-136 481
762 -368
-688 596
-791 236
-712 -920
713 782
-102 374
680 -921
-17 -366
691 -140
946 -117
468 867
516 -152
394 842
-455 -423
-283 366
-297 -29
-745 917
961 38
-498 -646
636 -961
-627 911
142 262
933 25
-863 -218
-134 650
226 143
-920 -783
925 933
-361 -910
-415 -363
-342 -731
-622 -531
-948 161
-49 803
991 -244
272 122
-917 -616
433 -883
884 751
-99 443
-39 336
590 -502
-681 -355
314 892
25 455
262 -674
-462 -176
-576 -628
-440 626
532 -209
209 -269
-980 -416
398 -328
92 40
-504 425
807 -265
966 558
396 584
786 -755
-906 91
-457 642
437 -194
-289 -773
661 37
-710 612
521 722
65 766
750 767
989 617
-917 -254
-466 818
-99 -523
390 -416
-445 -523
-393 -946
998 505
380 32
-288 -893
529 -901
44 -241
156 497
-753 -395
518 35
-193 844
185 -733
-772 -686
-635 -794
704 -82
264 897
-543 -517
867 -576
341 157
967 825
424 711
759 443
-801 -351
-489 -795
159 925
359 -486
-584 332
-18 -946
668 24
-544 -997
47 77
762 -920
260 -852
408 -979
-278 443
-50 -498
-550 -429
-657 849
672 -5
504 -525
481 -692
-209 -967
-476 -297
-188 -221
-117 -43
473 -118
-896 -773
924 -854
-313 370
293 -338
35 201
512 -161
-323 440
-480 381
703 -54
-593 443
893 764
-237 211
222 520
-246 562
336 -31
-614 -318
-517 926
785 570
-837 540
-86 828
-615 -162
-459 507
950 -422
491 694
394 -145
573 684
-812 -164
150 583
85 806
-637 -473
-391 -811
-124 -268
-659 -747
-327 924
-184 -894
133 752
-11 -286
-241 586
837 664
656 727
-72 718
824 -712
578 536
-489 -699
-533 -482
493 227
-927 90
-439 -733
718 -454
-199 -401
410 -372
372 -19
-228 -481
-618 -553
508 -740
482 374
464 676
-917 540
89 -742
-480 -573
431 17
236 -510
-712 435
-675 -778
-365 399
-236 -90
-420 785
-397 432
164 146
459 598
524 754
-980 -28
165 -197
-822 -969
-234 961
-535 -468
504 -642
-867 -420
122 375
436 -140
-784 482
363 -554
199 537
657 -587
-61 -474
-634 -266
-892 73
998 -728
735 520
635 -936
464 -407
656 119
328 200
-550 -917
488 -398
-538 581
-799 -126
250 757
254 -582
-223 -816
650 748
768 895
-362 -890
-383 -898
-980 -690
-987 167
-417 197
-186 -445
444 -849
902 409
-146 -611
-340 949
-136 744
48 -187
-671 99
392 -809
296 -554
901 -857
431 512
-30 -501
252 35
882 166
727 -614
663 -313
-332 667
-823 128
713 640
897 -776
916 355
-818 179
-112 -642
-651 386
427 374
-995 571
314 -658
-550 666
-611 -299
901 147
722 880
-114 847
455 -591
93 -338
-397 193
899 910
840 -668
887 -731
-244 955
748 775
19 -582
292 -412
515 702
-523 869
-402 439
-951 922
-976 712
317 799
-336 -99
397 167
-678 -316
35 -781
670 -572
808 97
-843 -458
-523 552
406 206
755 -404
-842 -132
629 120
315 0
544 -714
-979 -105
-245 -335
-407 -722
658 622
18 -274
-123 238
-998 552
998 -556
477 364
278 871
190 -129
418 890
128 924
-450 193
726 -456
-834 718
280 -271
-642 -143
58 68
-128 -790
-383 831
2 -518
626 515
-195 126
-689 501
-2 657
-417 -158
841 -801
747 -430
711 -995
-136 661
817 -175
-78 13
-578 769
-926 -13
-874 5
-332 -160
-738 581
-242 590
-177 -909
146 724
788 219
-949 710
999 -477
941 579
-263 -603
584 320
-582 -957
-92 430
-983 -330
395 -166
989 855
-808 -307
-393 -200
455 -905
-217 -908
-896 833
368 298
-936 -719
961 283
-512 743
-72 -393
-567 612
-455 619
917 -998
300 -667
-792 179
-196 -786
400 275
-182 -835
320 -202
834 348
368 -119
964 975
-681 182
640 909
571 659
587 60
-212 351
247 -818
-134 651
481 457
-356 -793
290 -796
-53 454
348 671
-657 941
-503 315
523 -667
-614 -678
-973 420
-130 950
-490 -444
843 -809
145 259
748 -597
-138 614
666 423
-333 628
-402 28
843 -860
-201 -54
-755 -637
112 457
275 797
-757 -23
299 -285
775 -462
596 -771
-909 -852
-548 -18
-64 642
407 613
756 -711
-727 -594
219 -296
179 762
788 724
550 991
584 -449
279 687
-803 -49
-987 -318
567 -281
988 19
-712 628
318 526
-594 452
-621 780
970 -609
-219 233
-733 879
-33 754
-444 687
867 -876
814 621
-86 -776
343 175
909 -994
956 -494
-673 -218
-718 291
158 -745
-558 29
389 84
32 -734
-419 -965
275 149
226 765
165 -655
-888 -218
469 56
677 483
-514 396
-991 -199
843 84
-433 274
247 -628
-664 -90
-506 -174
182 -776
-53 -603
-457 -356
580 912
887 308
-335 -321
624 980
878 553
259 69
-117 721
106 938
-976 623
945 503
900 -222
-948 -714
-718 -736
166 647
318 -256
-482 270
-83 -103
121 152
-147 901
514 247
-569 51
821 -92
123 -149
-332 46
818 161
945 209
-437 304
659 927
-822 -699
364 -588
694 -809
-234 -44
419 246
-851 -219
132 -435
920 -999
220 -561
199 -502
564 -559
7 52
-672 -294
238 -507
-517 526
-542 -970
508 -167
876 -791
711 -940
870 -494
-387 893
-496 735
668 -976
-750 -668
-875 681
426 -608
613 49
827 -240
73 -405
305 -105
-328 -52
652 -68
-166 783
-75 -287
-83 -890
281 960
421 -625
330 -300
640 265
949 305
27 321
222 -843
-974 546
-359 -558
820 2
-991 652
144 547
388 406
-592 878
928 99
903 986
-27 -111
844 -365
-843 222
-786 -404
-531 284
948 -260
805 436
808 360
505 -140
888 -854
709 552
-610 -189
-60 506
838 471
753 685
583 -867
184 672
115 628
134 -562
-168 638
152 -578
-167 299
-437 766
-660 813
959 -202
739 -963
-858 -901
807 -53
75 743
170 -185
980 354
994 -939
-275 47
-129 517
973 -188
249 728
-843 515
-215 874
-608 781
103 -802
711 -635
483 -291
-918 662
-912 -442
966 -855
-385 -183
-155 999
704 -755
-355 671
774 -139
-919 906
882 -259
-767 553
-102 813
208 397
742 206
889 522
-543 -11
-646 821
-506 -878
817 229
-57 303
733 -856
393 749
-381 -192
276 -9
-68 92
292 721
-524 320
797 364
-101 -47
-301 -541
869 42
721 -598
-18 -424
-237 -818
559 -761
-904 962
153 -49
592 976
-4 -866
595 679
642 -467
354 366
775 -638
781 747
831 -982
484 765
739 865
631 -727
-691 -708
654 -361
-563 -318
-985 -84
87 662
-822 876
-601 68
862 -238
35 -667
-662 -545
-118 241
65 301
726 698
442 561
247 754
701 -496
433 -665
356 -462
501 -457
901 -109
488 702
-175 -392
-420 -505
-370 -702
25 489
471 -687
-160 -487
988 234
913 682
88 -582
-921 -167
780 222
-77 931
95 -766
493 -162
-146 713
-405 -111
-103 -328
-399 158
-621 -876
-674 -281
-893 -901
716 -523
393 -817
-77 238
-837 -720
609 679
-594 -439
209 81
-236 793
-695 -337
158 -855
612 337
258 852
-279 668
-634 533
-792 873
132 -935
702 -897
-591 54
179 -745
-574 -751
-576 -325
-685 188
828 -341
677 748
-106 142
-272 -420
-544 486
-925 -464
-708 -998
-947 -684
-76 913
-140 23
789 623
-630 -565
-773 -44
631 -612
-247 -253
-543 -946
-293 -501
-976 -594
-961 995
-350 324
24 -876
-58 932
143 -906
-325 -550
-526 472
-24 -214
-875 391
429 -939
-300 -755
-238 556
184 -505
736 -850
123 -269
-864 -559
-79 633
330 -864
-398 -607
257 607
-952 -412
735 796
122 -875
790 355
97 152
574 410
-502 -403
-697 -813
982 -110
-754 118
201 59
85 -261
-502 807
-758 -883
262 490
945 180
430 844
608 874
292 853
666 70
-496 -467
-880 944
789 -881
-383 -613
-77 44
-106 -410
-237 -694
-671 351
-297 -923
-1000 772
854 -526
-902 -469
872 -686
-182 28
-842 597
-396 -944
437 52
-927 195
392 -767
-206 -881
315 600
-58 437
855 66
608 -922
57 1
113 857
688 173
907 653
77 -490
-16 -865
-974 989
565 970
787 448
-181 -977
38 890
395 -135
-136 511
992 -876
-652 263
-910 -427
364 -324
-166 -107
925 -868
208 703
810 -403
-74 5
-734 -384
181 612
-368 -934
-257 764
-805 -415
-710 474
539 239
409 454
-598 -334
-187 526
-430 -432
654 204
-623 566
-236 198
416 -833
752 -337
450 -753
-601 157
204 617
619 -628
905 -308
78 -842
-302 -234
-670 -858
-987 -816
362 305
-17 -140
-142 56
503 -344
-593 -863
-210 -895
825 -267
-966 -80
-125 721
-658 264
-179 277
-892 192
934 558
-526 896
-645 -681
815 -563
649 686
-50 -167
-182 -366
898 87
185 698
-40 -584
-617 335
-742 -374
10 567
-67 -572
-169 589
-248 -741
107 301
599 -118
356 -216
462 -621
-906 -719
-593 42
-863 530
-397 899
849 397
480 360
-918 706
176 113
-184 996
16 -673
-926 62
-560 828
-149 282
-674 -321
125 -60
336 262
962 582
-542 -858
-484 -130
432 809
-345 -634
822 -465
803 -469
682 601
-66 -290
-287 -524
471 377
128 385
-826 -348
612 361
100 69
-849 629
70 -428
-652 69
760 587
122 620
-232 -471
-443 24
821 197
-144 655
-464 781
762 -199
133 195
-294 629
-564 -159
933 -437
770 -833
990 855
744 893
-625 -48
363 -116
278 -266
574 -349
-598 -249
-363 -216
-574 206
-896 374
673 -276
-956 -920
95 420
596 383
971 -134
199 650
563 927
-657 -424
-359 -66
-53 286
-506 353
-632 9
-795 596
-448 765
-673 65
849 719
447 626
638 323
-20 365
-642 -56
-86 911
815 -825
194 655
-738 915
720 -328
-159 -223
492 936
323 990
310 200
152 214
745 185
-419 433
802 144
-859 -929
716 -848
626 -718
-728 880
-773 -388
-829 -828
206 683
81 -824
197 -857
745 -464
-239 461
-696 176
-144 973
951 -499
-829 -542
336 159
119 188
-764 -49
-707 -305
618 924
-476 203
457 -57
-232 -332
-201 83
305 -868
222 334
-649 552
554 -968
473 244
-931 547
-566 -694
355 -363
-502 95
-864 -586
-739 -431
796 830
-244 667
-611 478
457 394
-818 -951
28 455
417 884
-840 105
770 816
690 123
-683 157
-124 -773
75 565
104 -239
887 946
104 -96
-352 -910
614 373
65 -956
962 970
-174 -314
-196 -402
290 -382
-686 -211
672 815
346 470
604 -887
-344 -107
422 931
-798 -286
-147 511
-73 536
803 -379
-251 708
-413 -213
-608 615
488 -867
506 -796
190 441
-444 -927
-136 -961
-983 -102
314 509
907 352
-827 20
310 -398
-858 -254
-252 -71
-325 318
661 337
-709 73
-333 -258
7 963
-274 863
341 789
-735 -421
984 -731
-463 386
148 -635
-110 862
-842 138
-412 811
-937 -391
-541 -29
-740 862
-261 917
-900 669
629 -479
843 -452
-805 179
-915 -442
-639 197
-230 -787
330 -132
-506 -27
-716 -180
-135 728
-920 864
787 867
-302 328
-409 -489
28 261
-909 -398
964 969
-625 194
342 621
-455 -712
-630 462
-790 -356
390 914
612 -250
-361 -516
322 776
-19 217
-284 26
-351 -663
777 -60
513 -737
-416 -991
506 -299
523 -443
63 644
-723 -157
-905 -874
-489 -247
91 -880
-109 495
-662 -12
-941 599
478 697
167 -62
380 639
698 852
911 -286
-765 384
-157 119
-299 125
-409 -839
539 -982
-471 420
-811 -622
702 775
-556 -303
-955 -222
523 -80
517 -725
327 966
-508 207
-661 -36
-462 -365
-24 818
-414 -242
-774 416
-546 -215
858 291
52 414
-324 2
367 -305
-110 672
713 -18
555 158
-266 955
67 -544
-902 -131
81 -607
794 -68
-257 187
111 -602
-734 -948
-395 134
-493 -32
-525 97
872 185
434 460
-522 -781
-314 728
-511 188
455 -534
-621 -435
569 232
933 887
402 129
156 -552
4 93
596 -135
-412 -302
878 717
-204 -900
-813 992
285 709
326 -466
-587 110
-787 -895
394 -923
-810 -296
350 501
-411 197
-280 -480
-446 751
84 -270
-479 478
-460 430
676 284
-360 -867
-571 901
-237 393
194 -299
691 -751
-429 676
299 -733
887 596
167 -461
-763 -620
826 -565
784 949
289 -470
-969 870
-831 -961
-272 612
831 854
63 -426
579 -247
-919 882
203 -846
486 49
-422 -779
-115 -809
997 -219
534 -529
-894 704
-821 442
-747 671
-241 -707
409 803
858 626
395 464
-110 -477
671 -380
-936 -367
-149 -161
-315 525
-618 -82
-616 -711
-471 -28
-721 -859
-300 462
-728 917
871 -814
-59 -525
45 -250
101 -338
-707 993
834 653
738 -628
646 -755
599 911
185 -926
68 853
753 475
-230 47
176 -922
774 9
-35 64
-369 -419
-59 215
-293 -684
448 -945
-795 300
-469 756
-487 97
40 583
-902 -909
-726 -65
-326 -319
-753 -103
487 -20
-102 476
600 -102
531 -393
-407 -5
-443 714
792 -814
943 439
-86 -464
-183 533
-930 -830
606 -318
-655 276
246 -14
498 -676
316 -197
352 -930
736 668
-873 677
-331 -390
-27 -911
-596 538
691 164
-19 272
183 768
-844 -634
960 67
368 -335
-892 -854
824 -67
805 869
-221 -128
224 206
838 -774
-741 -970
-7 540
-445 997
-158 -740
823 -623
-144 -957
604 -969
-591 -76
187 144
132 -477
414 409
129 31
574 -599
-181 150
745 -124
298 -707
873 115
-479 512
-917 147
-718 52
-175 -913
10 157
-694 -97
-570 -439
-750 534
-272 -59
292 723
-1 -555
832 -520
-192 -372
-528 -490
-177 -533
935 -557
-909 557
33 -566
43 236
872 324
-888 -348
-242 625
628 -404
198 776
986 468
-273 -615
469 -933
269 -637
185 115
96 530
-112 -542
261 -684
-670 -170
-873 -832
103 881
721 242
962 -954
710 -93
-264 3
706 -957
745 -687
997 470
-735 683
-711 -362
415 -484
-130 -959
811 286
-705 -823
-10 827
763 121
-377 -680
929 719
291 -833
217 -512
-88 765
-50 85
-421 -123
957 153
886 865
-914 287
-899 -770
-601 70
95 -197
-808 750
-772 244
382 -546
-933 -97
-711 104
810 508
558 630
-460 -691
961 -62
-260 159
921 -815
570 -745
491 -318
-18 -665
496 353
672 -218
-687 675
-357 -674
591 -942
-800 -866
-324 870
-470 348
-707 274
-61 -394
763 530
-141 -306
-163 -458
910 -294
-761 -53
647 -746
-124 -885
-659 375
180 -404
692 -328
-775 422
-27 -552
-972 839
-199 449
23 530
424 -808
-486 -332
797 -330
-220 728
-661 120
823 -869
-684 -422
-99 904
-663 623
556 -211
747 578
-966 585
-972 -611
366 236
93 588
171 -744
849 -464
521 -813
967 674
-399 591
983 -944
132 499
-671 908
349 787
-960 473
-356 -23
-91 -198
-344 -558
-414 364
-984 338
480 861
-790 40
735 420
871 -8
-745 578
-226 438
-638 -615
842 -137
197 -68
-638 388
-919 -532
581 -349
425 186
545 217
527 473
84 456
-476 383
985 3
736 -702
91 640
368 11
355 -477
390 -794
-920 865
531 -337
283 -507
-350 -30
139 691
691 510
-424 -656
-593 732
-826 697
36 -573
528 -782
867 366
298 -353
740 -438
-872 -227
691 156
-398 15
-415 827
148 673
348 777
-153 -781
425 528
-478 -416
-581 -309
-358 -246
645 708
-7 619
-956 -185
-433 925
-539 834
569 -368
-731 31
-576 -850
-603 -594
732 116
290 -490
-358 586
-504 60
98 868
-483 -720
-543 -62
-384 885
238 -289
-585 -336
437 129
483 607
-194 -918
519 84
372 537
759 -865
712 214
-823 99
-171 -123
321 394
12 873
587 947
-507 -419
-454 -750
270 -932
533 313
-518 -37
-780 54
41 -541
-203 -827
-460 -174
-171 845
601 924
661 598
-871 403
-576 721
865 -365
90 266
-140 228
353 -200
40 -137
947 934
-986 -964
182 945
735 207
-763 302
559 -131
373 778
-957 83
-766 -849
363 -205
729 -67
-156 775
725 -6
870 765
27 53
72 650
-269 -82
-260 199
-735 159
520 865
672 -146
813 676
-173 -261
96 -985
-773 109
528 284
-787 82
-548 910
235 -587
-405 -340
-831 -962
-811 409
-266 -524
-174 -147
-626 5
-456 -773
-898 -87
-104 517
122 -631
-139 -155
-54 439
604 -980
-438 -183
-375 218
-295 -534
321 -363
479 -793
963 502
548 -581
449 797
-756 375
169 -685
-745 81
851 314
742 33
764 617
-802 -138
586 565
289 -826
-248 305
-944 878
525 -514
-846 -65
-945 -660
893 60
569 734
-704 -244
372 637
-202 583
582 728
448 -606
-594 -266
36 -238
90 -708
-438 797
-18 -355
343 -551
-931 827
-581 276
-312 843
-131 788
-549 -634
-397 -763
324 813
-750 -217
611 307
836 -712
868 162
820 13
-37 320
951 805
-928 367
293 395
728 356
-757 800
88 963
71 -321
700 730
-847 -613
-848 358
965 554
-438 721
-302 273
-173 719
189 -52
667 -316
60 -338
-896 328
-731 514
273 369
97 853
-373 -2
591 -903
709 678
-286 -651
-700 580
197 466
-360 -774
748 76
238 -903
917 553
-302 563
-668 373
-781 -108
-772 294
625 616
472 -813
-933 -319
-685 -464
541 810
961 558
747 29
-19 49
933 -529
349 473
-211 -426
683 -473
-77 840
437 -465
-826 306
-927 589
711 -634
-883 -412
599 -88
-341 834
-741 -602
30 -311
150 -781
-828 791
220 -594
-548 -192
-621 619
251 -861
6 836
153 400
-462 -394
-465 -488
498 -61
140 698
163 -950
-537 -60
-112 -330
-832 -65
955 372
-78 -199
-707 -247
525 954
625 -993
399 -420
915 -721
769 456
-4 -581
727 -479
280 299
941 714
222 -680
234 606
-324 -732
608 463
429 -487
-632 960
652 -52
866 -681
292 -852
112 -608
-713 -646
509 -232
824 -970
-886 -727
80 7
-651 398
583 527
-488 -847
-897 659
199 262
-493 -997
582 -11
-21 -960
246 295
856 535
554 -617
628 -590
-804 -857
-980 84
-557 -813
-155 -277
-718 859
-930 -611
-253 703
593 729
-62 610
-204 -971
-45 561
-596 473
-829 510
496 -420
-94 119
187 -563
749 359
330 55
814 477
615 578
-825 431
948 611
126 405
438 561
284 -151
373 -642
316 -945
-35 -423
394 -740
-420 -109
-775 -547
780 507
448 884
395 863
476 -873
-16 936
-360 -955
-418 -664
-983 311
-47 995
-209 391
445 -819
-313 310
-932 -411
-685 -323
-100 29
-780 -223
-859 -626
-217 752
-127 -762
-618 331
-978 -94
854 821
-989 655
-912 -411
-715 -837
-7 793
154 991
465 450
-20 113
-736 453
-234 -259
-380 930
441 169
-357 -69
811 -917
323 -930
673 -635
779 -486
-559 -788
362 636
-349 -788
914 -783
932 -496
-909 953
874 -140
871 -150
941 -215
-299 -500
190 153
191 160
-538 48
-267 -658
432 -476
504 -79
316 599
207 -32
861 -254
-359 98
-904 191
740 -864
226 -454
467 594
998 786
-477 66
221 991
-855 -622
-606 -434
218 403
-641 895
-768 40
-515 -625
53 466
740 -634
-18 -986
655 -324
238 705
-921 -731
-635 -447
144 780
832 -435
231 153
-553 -113
-311 -257
433 -713
259 250
776 464
778 -682
-336 472
193 610
467 127
733 360
-605 992
-30 552
-295 -781
534 -793
947 -597
62 815
-699 619
255 -987
145 545
158 -323
437 -409
474 -237
-70 -487
696 -759
-92 -35
-883 -340
-690 842
-447 131
263 102
-738 -706
-353 -546
722 -149
147 -481
604 -226
50 -647
-309 -341
-367 -67
-591 -291
906 -973
-462 315
82 305
133 -589
-833 913
-348 311
-858 -446
413 -860
263 -169
-594 -408
362 -979
-673 748
-194 651
-462 29
-944 929
6 -937
926 254
581 571
-68 -646
379 -800
387 -554
561 519
275 -860
309 -984
509 -320
-471 -694
-860 -531
630 743
958 190
412 6
621 288
-689 958
173 815
-542 -332
225 -15
568 -670
-56 -996
-818 905
870 -624
541 144
-353 193
459 -592
-375 -320
37 -150
-70 -716
-895 826
610 949
-458 -166
-717 739
506 170
-948 -259
-584 -479
-19 -491
-735 -95
-938 -765
389 -631
-920 -957
558 572
330 79
95 -125
504 -665
-758 -182
579 -787
-152 97
575 -466
110 929
-325 708
514 -989
314 682
524 809
-463 -463
8 -475
846 -515
293 -343
-268 -233
-473 448
-845 -739
-41 -547
632 -540
108 -566
-192 445
-46 875
991 970
-421 -938
978 407
-224 91
458 -694
-654 -702
20 862
-413 152
827 439
-590 -937
980 -777
452 272
-410 696
-375 516
-478 952
920 -342
257 -492
181 -460
803 -468
-250 840
76 507
564 544
-431 -619
-418 959
-271 -916
103 -309
4 767
978 -406
-172 -947
-489 -591
772 740
157 -704
-46 465
119 -989
609 -182
643 849
-732 897
-687 360
-490 -774
-535 454
437 634
191 -889
-174 953
908 -869
-440 21
369 -546
993 -284
-311 503
-361 822
-312 -160
283 -52
27 16
815 107
-544 -597
-446 -970
-175 -138
-790 -445
994 218
-151 -115
524 751
455 -500
-806 192
-531 58
-765 542
546 770
-384 323
-809 685
-488 788
-506 356
-97 -56
-135 -814
-581 -270
-494 270
303 522
894 -900
885 134
-501 655
186 247
232 -127
6 -448
-409 -910
-464 -682
699 -950
231 869
-110 147
494 -52
-828 -671
-388 -762
461 -138
671 61
106 465
-842 758
-533 -190
-750 645
737 337
557 70
533 45
449 -936
-150 -725
-405 254
950 -187
-671 102
962 472
650 -736
-565 -877
-129 42
-737 191
-732 199
-230 1
760 -155
-439 156
-59 56
168 -449
103 883
-256 620
-292 853
-35 162
713 -92
-335 174
922 -71
100 203
-150 226
786 812
984 -261
-313 -392
943 -832
460 243
905 -772
388 80
5 -786
-561 -730
-392 -648
149 -726
-427 -508
-752 569
378 -685
-909 107
-819 469
796 484
265 372
-986 -790
878 280
247 -573
518 665
-540 227
-645 415
692 164
554 197
500 -427
833 26
207 -445
421 -494
-807 601
857 908
-415 563
990 80
-875 464
122 -246
-643 583
182 -937
164 -612
-947 846
793 549
411 -110
174 -590
464 -611
-42 179
-433 -152
-859 507
-697 -789
-310 644
-660 781
755 612
-741 -921
686 -884
61 -659
871 10
-104 -437
35 132
-589 -725
-837 893
708 -857
904 -511
624 476
674 -106
-793 -97
302 -971
-278 -745
689 16
-196 -40
-566 11
765 -56
-958 980
963 350
-184 831
284 899
-547 -31
-383 818
840 -100
664 865
506 -912
111 964
-387 -848
-904 -663
987 -328
-344 -842
-263 140
499 -241
-805 712
-582 345
598 -930
793 477
-714 336
-942 211
480 -55
29 4
-37 636
-942 98
-964 -632
235 -159
-204 -187
282 723
371 -450
-692 621
-221 -992
-556 -575
-945 416
761 -217
284 148
658 489
863 32
445 -325
-892 -472
537 -782
-640 909
-478 249
-583 -56
-966 -186
-161 554
-232 169
207 -556
-829 362
-610 904
-345 21
-733 -359
697 817
-895 665
-97 -13
-478 -386
-173 996
-703 177
9 -925
750 -11
513 -740
-927 682
-345 234
-228 390
704 130
-992 59
167 -146
-509 566
548 -718
-583 633
-527 289
-354 522
-425 416
879 -141
-452 -25
360 -124
283 815
-855 400
867 957
613 -383
747 403
972 -637
533 -45
-414 189
-776 486
667 -654
646 -875
-945 -886
-911 -427
270 545
-31 412
534 646
-854 925
-817 142
-439 890
-37 698
718 -335
708 -274
-648 505
2 -916
606 -738
253 -828
879 197
-916 -439
-147 -246
324 932
-177 252
192 522
850 -398
-805 867
270 157
589 -864
-345 -222
-766 701
97 643
448 -875
10 -758
977 999
554 123
-703 -352
575 -619
-141 38
-107 192
-97 -621
-669 577
991 -453
-917 852
-565 495
19 490
813 896
-170 -642
-704 -965
714 839
-212 312
-273 -294
-353 -24
-988 -400
-687 634
425 -360
366 -376
732 901
-306 -309
252 -508
670 -221
501 -612
597 605
448 556
294 -354
-547 -362
418 844
391 -597
-367 -275
-82 -99
-154 -882
779 333
881 -740
-839 -641
-698 -885
788 757
522 -235
615 222
-570 12
112 807
245 -839
6 -121
284 971
998 189
917 -170
-103 -539
3 809
318 702
3 -665
-472 218
642 -847
-841 -583
362 -769
84 -615
856 880
-128 711
435 -840
219 -793
-219 -454
893 284
-819 718
106 -217
812 742
-155 -749
-119 -214
935 -865
755 -605
-879 983
-346 -884
-990 -571
-547 410
169 985
-338 214
-72 -443
377 -153
-156 624
913 -956
672 -320
-690 223
98 -481
921 -552
566 686
-839 173
-66 976
-632 -421
-863 148
-730 -429
201 -672
-198 174
992 666
-959 -700
-365 258
-860 940
-420 -230
-393 454
-354 134
673 -431
-583 -286
199 -202
843 435
227 982
176 676
-50 -839
106 173
-53 227
858 -65
-983 362
-711 525
-666 -9
837 34
-771 -846
449 -372
-64 719
962 789
29 586
46 344
483 699
977 -28
604 -176
789 33
851 472
-591 291
86 615
-233 -977
305 460
216 909
-183 -487
-977 376
-556 291
163 -854
578 630
-116 171
800 548
-29 -912
-67 -231
711 694
67 231
211 -356
116 600
296 -661
-284 -380
-311 86
655 799
-384 -699
-746 774
-905 876
-283 657
223 142
689 -962
-813 718
-166 671
314 -664
549 538
-180 -213
454 982
-436 -323
283 -740
-919 -634
-139 402
-740 997
-560 -378
563 402
-636 -228
216 231
-273 313
-145 372
-452 604
784 -830
-131 -288
973 571
-297 -44
5 -625
-781 -458
-606 -357
190 654
737 -530
934 825
-943 505
799 -841
-317 -793
-271 399
-142 237
-282 577
-53 417
-368 -301
-442 -431
-465 -518
338 266
-928 -203
93 20
-302 676
523 -419
78 -628
-61 658
746 814
-159 640
-877 833
206 348
225 -925
707 665
-210 -97
-332 227
-473 280
-753 480
664 580
-196 -39
-618 312
872 630
-771 725
-570 84
-197 -921
-310 -172
-814 744
-962 537
389 311
280 -107
-972 535
417 150
-875 635
609 -474
732 -147
250 -787
332 -722
-215 406
-94 -684
960 774
-898 25
-419 36
-412 832
-999 80
266 -962
136 215
-462 -977
561 618
-974 901
712 490
988 -376
729 -485
21 976
-67 984
762 624
-302 -533
165 -728
2 -166
-434 -437
-417 776
240 362
814 -334
-165 839
17 502
857 -830
-529 403
-653 865
-830 -188
192 -62
80 402
100 605
175 109
-292 382
969 532
257 688
-249 355
-704 699
-577 -506
-905 293
-539 -183
-209 726
-640 684
-190 940
935 -142
714 405
-251 96
992 799
225 160
310 -524
-489 -251
-515 -237
-565 927
670 -169
173 81
-260 354
-418 389
956 408
122 -686
-172 -393
-82 -15
-663 814
-259 776
-569 -997
-817 363
-651 927
-480 165
-812 19
983 806
-90 -945
751 -369
-417 138
-529 684
98 -814
548 464
-111 -74
-429 323
738 802
-63 957
-850 66
543 351
-136 -929
394 322
-802 -69
-493 -250
-693 741
361 -396
-295 -8
388 868
962 257
-764 -147
37 -556
328 -206
716 272
-710 816
-246 -577
165 -534
239 -393
-494 -271
121 -185
735 -743
639 -182
766 -698
-726 639
616 -744
373 757
-662 870
-659 -112
-304 604
143 257
144 -228
-401 -164
-330 -796
-412 602
-338 405
-920 -89
-653 -630
-584 -76
-432 -815
278 411
-887 -413
365 -634
-86 449
437 774
757 945
49 594
880 36
-565 383
-48 163
260 912
-300 -611
139 545
892 731
787 -192
126 467
919 100
-973 -952
814 138
175 468
-889 -54
-525 -128
-328 64
-624 -660
453 163
496 906
120 998
953 -89
933 -679
-288 -373
928 -444
-356 45
393 537
591 -550
999 489
567 229
-587 960
161 -84
-936 -282
-248 214
-247 355
375 -810
-522 238
-660 139
-146 -850
951 251
506 -954
439 903
-524 507
573 -793
836 41
681 -799
-568 609
988 892
486 -481
-737 -422
216 -945
803 305
884 428
449 -797
797 -611
-813 102
940 -992
138 144
357 492
584 416
-988 91
-15 949
-395 68
81 474
-491 910
180 474
-534 -911
-426 -38
119 215
180 73
492 299
909 -226
267 -337
-919 -744
-192 648
-540 -767
-491 864
881 93
-440 136
791 -64
738 -52
269 318
-843 -921
452 -703
80 -667
-406 427
-993 260
-532 684
672 -464
192 932
717 -705
88 117
434 161
-363 -205
378 -114
-682 -329
-50 287
709 -944
355 417
1000 938
626 -345
-53 567
-71 32
640 -592
-636 789
-207 -229
525 128
-249 -23
-545 -708
-216 856
624 69
216 -303
-431 394
-934 388
915 -106
-216 743
-380 373
71 587
-600 383
979 963
50 981
694 426
254 -686
367 310
-229 769
-653 -399
193 916
716 916
-513 104
-604 169
129 140
348 304
-674 430
-557 -70
-76 -398
-546 498
-295 -234
381 297
79 -346
-607 647
293 616
-654 673
556 930
-248 526
-499 429
-427 -224
-789 265
-135 884
431 367
932 -35
135 -997
757 -99
-414 -650
503 -838
853 -719
-132 -89
-705 351
649 -551
307 -378
-770 -636
-109 -822
126 -551
899 772
-934 -173
648 4
597 111
117 -305
-662 592
-89 -314
531 -252
-541 -634
-9 -607
304 601
583 221
942 388
-169 189
-187 850
112 341
-404 -629
356 -456
-189 305
-643 679
202 298
-536 -917
374 612
162 684
-716 326
-185 -757
-30 357
-850 -259
924 -1000
309 -133
273 -579
-642 -23
-17 949
930 -194
-564 536
-244 -385
-57 491
491 742
-358 626
883 232
571 22
-337 -254
-129 773
931 -267
2 662
662 306
-7 -139
722 -235
392 614
-441 168
380 933
955 405
497 -609
438 -493
-603 -391
930 109
-219 847
-450 -198
285 7
787 317
767 -860
-932 -822
164 936
232 -566
-686 103
427 314
-611 599
503 79
-32 168
433 -114
754 11
-562 60
-460 -134
-611 968
411 846
-221 64
583 748
-824 -758
-305 988
61 770
-235 14
511 678
256 704
796 458
297 -344
299 546
35 776
-912 949
743 712
41 -185
-342 580
-583 82
-299 -962
881 -167
-804 -677
-307 -461
531 -224
-678 -208
-52 -656
-781 459
-406 645
188 -348
-429 -804
-593 728
-782 -862
471 -836
308 -318
182 -975
-588 -735
-126 811
714 -557
-243 882
-687 -231
-139 -405
41 -270
329 -698
-104 702
-133 149
282 439
-173 -176
316 -547
-458 399
433 1
-716 427
-875 -30
307 -817
587 -713
-44 -411
323 750
76 -253
347 -387
-983 -596
867 705
208 -62
-313 164
-552 35
716 -719
-895 -311
110 597
-185 -900
-726 419
-799 -61
176 -382
375 -926
-634 830
665 57
209 -107
-702 -780
-101 -143
928 837
-113 -625
635 724
81 -151
689 284
986 374
881 -991
271 955
-163 -516
-856 376
-645 940
-618 -688
-97 272
-891 -430
111 -708
-331 962
605 -9
772 515
631 422
426 -791
321 319
66 506
-624 682
-728 619
-745 610
758 -781
137 157
587 661
604 749
395 -820
-442 -976
593 260
-479 -107
588 57
231 -167
114 -782
-726 -937
-415 -898
-353 339
-264 -677
-772 -210
147 547
-437 -773
623 -554
736 -960
41 245
631 776
672 305
-235 -59
878 931
194 -466
-187 -318
466 269
146 -62
549 230
-587 700
-364 -492
-757 -67
-611 -949
226 397
-706 145
748 266
-520 -440
-576 -544
-959 150
374 940
-898 809
57 -141
-988 561
552 -811
788 -159
-113 981
430 882
168 445
131 563
6 -421
-229 -286
-12 -370
-287 -958
141 598
667 562
-979 -774
689 94
379 592
817 -336
522 438
349 -954
366 -822
234 324
931 -371
-20 -953
929 -389
292 676
229 -499
945 662
491 -683
215 44
803 304
694 -278
-945 945
120 -194
-651 -966
996 -631
-12 -702
-236 991
-768 -781
-860 -466
-863 -529
528 -74
-30 -274
456 -486
-159 -716
-742 -611
704 -237
-568 62
34 672
176 -647
815 560
527 -615
-430 143
-272 -535
347 600
-212 218
-575 964
645 -519
907 794
191 475
878 259
570 560
192 -100
-245 112
961 117
-873 -641
899 -234
771 -403
-179 -50
-677 82
732 -759
196 -901
387 223
-942 733
-207 -456
-761 432
-28 -221
-991 487
-717 704
584 859
-14 -354
14 354
795 123
-596 -274
29 -446
-83 958
-196 -525
-895 598
-123 464
-791 -94
-157 -866
-377 -188
-437 759
-415 -442
309 933
-255 -185
-148 -611
602 -80
439 38
969 -833
676 19
130 171
574 -656
-174 -292
-486 -214
-985 674
997 -188
60 -931
-54 294
-565 823
-319 51
498 275
392 -494
-427 -789
779 504
489 492
-716 -915
513 -107
-788 -382
2 691
727 -289
-376 397
498 354
-855 494
724 596
493 -474
50 -708
628 232
-854 960
-296 -273
-538 953
650 40
98 -515
579 66
196 -357
-379 851
-945 171
852 -505
886 553
206 591
-728 -496
161 350
-589 875
-52 -119
-198 -557
88 -503
-407 -465
-81 643
629 -425
93 -203
1 -593
-270 -89
714 -8
106 -965
-925 851
773 64
-923 129
79 -795
411 899
-677 -422
-71 -85
631 -809
-134 -663
430 268
-911 716
-584 268
-710 301
-294 -845
579 -517
-83 640
-957 47
-39 560
304 715
-502 -226
-322 -544
-869 -969
145 509
-857 120
972 454
545 -828
-922 535
278 -505
-844 453
-237 343
-52 873
-674 557
-611 329
567 616
215 -542
-878 -857
-711 333
495 573
166 631
320 -385
-463 663
443 990
-787 22
897 693
-504 344
-685 -304
207 30
-634 -310
687 288
-976 -221
-562 -57
203 -800
-487 -320
608 837
-667 -990
650 -196
-480 445
-385 -123
370 411
991 783
647 -461
-980 -508
185 -31
-881 548
-206 -128
-441 26
-659 -700
57 268
534 270
78 186
-137 672
119 602
-484 -243
-582 -634
286 71
-344 -839
-894 423
-422 -645
-184 -830
543 -89
665 -90
-566 -14
-518 -175
-653 438
997 -708
523 249
-617 678
405 556
419 -36
507 11
-235 299
75 335
-511 -579
938 195
-459 -238
5 40
10 -638
740 75
375 48
-572 115
-625 532
-1000 282
830 92
-368 303
284 96
781 520
-54 579
-902 -588
-664 353
394 883
-506 -33
821 936
-952 437
147 665
576 613
340 -100
912 -406
361 -780
523 -833
80 -579
952 -776
-730 278
-679 -542
-446 645
28 -180
691 -374
577 510
-575 -607
925 -700
539 -393
781 204
179 774
123 -391
299 -707
140 171
514 -933
-572 -162
183 839
-82 828
79 918
-317 345
460 -242
367 -574
-379 19
934 660
-523 389
-794 845
-463 -358
619 18
-219 -898
555 810
866 681
-496 -476
500 927
829 -939
693 680
710 894
-344 521
859 -79
-391 559
797 -284
853 782
193 930
-917 -33
719 885
-724 697
-426 366
884 -278
-567 402
-239 -18
681 806
278 -556
-617 -930
-764 -951
271 789
876 -756
648 724
-684 -22
65 614
578 -807
-708 -160
-901 936
428 464
-176 -914
-149 85
-86 -800
-564 961
-759 -767
-99 -643
441 -429
-413 -469
366 -520
915 143
241 246
-193 887
741 -969
-269 681
-21 -897
-99 -353
320 626
-191 -337
-748 485
754 191
356 -929
28 -532
242 363
596 686
-344 385
703 347
-730 -293
-491 44
531 -415
369 965
-522 -617
-991 474
-882 548
844 370
131 233
-373 -904
705 -965
-218 473
527 -23
85 -186
499 705
100 -780
468 332
-452 -719
-416 -940
-674 884
-809 -266
-132 239
459 -191
413 674
75 -274
-490 -21
128 574
-92 -481
-708 915
691 -971
-912 -573
-881 382
969 195
-144 -931
750 -505
-168 311
-519 207
-546 -589
-102 -25
-419 644
505 547
-766 -498
-448 -125
-159 575
263 -512
-813 -99
-747 -483
-402 653
-88 286
-822 248
-432 416
379 -444
690 -983
-859 -860
-436 -703
719 766
-523 -35
-704 -110
-771 524
729 -875
848 344
537 -431
-954 221
418 -929
-533 -503
653 -368
484 -467
-246 -562
-797 -420
-214 -224
434 -597
694 -459
908 -478
134 509
79 -30
954 -509
-106 841
-168 -532
117 -218
645 -681
37 -472
895 737
-838 490
867 -315
4 -259
639 -434
238 530
341 267
433 -623
57 700
-442 -690
-316 -89
-297 127
-815 -119
277 -869
-411 -373
520 -436
970 -461
-503 490
-356 591
-999 763
-364 923
489 -793
-191 441
876 293
70 -553
303 -366
-816 825
-513 679
-442 -246
-831 -882
-186 596
249 736
893 663
-683 484
-470 23
-453 -280
611 654
903 180
-557 434
-551 837
-144 -824
770 363
225 456
426 -293
-607 970
450 431
-530 -957
492 822
142 -618
440 745
383 907
-616 691
685 -989
-430 -732
-361 -169
-950 -17
286 -47
-137 -282
-622 -393
180 666
769 -232
608 341
-163 -590
840 -190
372 606
617 9
-788 -208
-633 137
-851 -682
-371 246
59 -38
-115 844
-309 517
-290 -716
-879 -256
-868 -107
996 58
-851 -793
847 -408
372 892
-610 325
-611 994
440 -863
-441 -701
336 -833
884 -747
-35 -897
-49 285
-668 -189
199 -702
87 569
570 725
-766 531
-320 591
635 -299
407 -932
-706 -407
959 997
-437 854
496 -431
-257 -732
468 -990
84 -319
819 76
-365 291
71 267
982 -481
169 -191
-666 893
-293 501
-256 377
-312 -898
-938 107
-216 709
-622 106
366 715
320 -529
317 617
-748 -341
841 119
-287 -81
-988 -230
948 829
901 -323
174 317
858 786
453 -983
-897 395
-70 -498
73 430
-507 389
-621 541
636 -329
-82 -40
-149 445
767 -670
-548 512
-641 226
-232 811
301 -513
613 445
-775 -996
137 602
974 -495
936 522
521 700
974 70
868 717
-408 638
410 753
2 -670
-567 -461
-475 -925
516 925
779 -495
-7 -796
24 -335
435 -956
-113 -693
-121 432
-133 -834
408 -191
262 876
835 58
-737 159
859 160
107 -758
-695 -480
437 506
968 -328
-249 762
-134 -298
815 661
-105 -428
323 511
-677 -662
-254 22
549 -262
-430 818
-189 -476
-463 -751
-635 -888
25 -489
-991 610
-176 -208
-803 -952
-966 407
-256 -274
76 108
501 457
-302 -538
164 -8
-187 -856
923 -166
531 145
-260 -159
-877 -130
-715 -109
-173 541
-204 980
341 -438
-995 -860
-700 522
-877 -420
622 -944
-415 972
662 694
377 -680
-313 -979
-522 709
376 345
386 -595
97 -696
123 -23
-48 472
-131 -827
905 -70
10 648
243 -705
-772 363
286 597
892 912
-509 -374
370 730
-573 -331
222 907
-376 153
599 -1
-12 -332
534 -550
-529 -960
-153 -420
-194 -718
-766 -38
-162 -404
-91 -380
-144 -240
-774 -361
906 819
-923 -883
945 799
820 733
-233 -29
395 314
-450 -405
-176 750
-223 -768
168 -690
-570 454
551 -607
180 -638
231 -762
-612 -746
-979 795
443 -377
246 932
-484 -127
681 -604
129 -25
-492 -540
128 445
-915 -801
-400 -857
-374 802
593 207
-370 -68
318 -998
-813 60
7 911
-962 794
-110 667
858 -824
920 824
62 -993
-576 -353
-247 -443
-221 145
-507 -24
588 341
311 926
636 73
-196 667
-601 337
27 380
896 -844
865 666
-682 -52
735 164
905 -631
809 -66
-156 702
245 -167
-805 -391
382 578
883 987
-807 -633
-479 358
-630 282
-421 40
-570 666
-551 259
967 -62
771 408
-684 -873
-866 -6
417 836
-327 12
-446 281
-294 -630
614 635
-117 -49
-745 -762
939 879
-661 621
966 68
-824 -62
952 658
501 -521
-42 110
-437 346
74 -972
241 922
315 67
975 -815
548 -686
-703 947
525 349
-320 -161
-642 516
-485 317
906 -2
-648 -419
228 -132
660 -130
890 -950
-534 316
56 -535
-660 -286
-1000 872
-80 905
208 297
-408 -576
845 -858
-324 -337
-534 -678
848 345
-519 -184
-390 454
427 -820
-577 959
-651 146
121 829
-380 645
-167 -26
-371 -645
362 -99
908 -78
778 289
-480 -257
554 -579
-509 430
585 -864
-654 493
598 -553
-85 -68
967 -269
368 506
820 442
-900 -502
-351 836
-9 -727
-320 -815
239 -952
964 -926
903 755
-597 314
376 290
287 350
624 -665
774 868
-650 -862
816 -560
-121 -212
871 396
-386 617
840 544
181 -835
-92 -339
-553 -221
-201 -108
98 738
733 476
348 126
-318 72
-595 751
-475 654
-894 -211
-345 319
-367 -307
-223 -899
-720 -371
314 -401
396 699
-103 728
-637 20
-3 855
195 243
-128 -841
479 -537
923 827
529 672
-881 992
0 402
266 -171
555 -724
531 587
270 -772
984 -973
813 -7
150 -463
-137 -362
-502 -538
-497 703
289 -570
-682 -952
335 -850
-228 684
-831 641
-368 39
75 -688
-713 -656
-950 -687
347 408
-5 791
888 -749
-651 -593
-421 596
985 447
105 751
-600 -532
74 614
-551 -506
766 -611
-442 -898
-26 151
648 -281
-403 840
849 -998
-398 606
-715 -243
532 411
-758 -309
387 -448
-664 406
-501 -280
815 165
-648 608
-773 860
-601 -105
160 353
-913 -101
182 -839
70 -889
-169 201
-602 -583
-398 -590
-855 594
-583 789
739 292
551 -486
-987 -880
-394 762
-715 -654
-515 -102
845 725
-639 863
-663 -422
677 -638
-990 -262
-905 16
-357 -907
966 287
-883 -463
-240 -96
21 -756
283 937
-46 -267
-552 74
440 936
-617 252
439 -664
-186 704
849 -2
-860 279
-15 310
871 -548
-742 -20
275 -302
113 586
-80 962
831 474
-903 71
254 -834
642 -830
604 192
-766 110
-355 -612
595 -151
-721 -53
295 30
670 126
-873 -884
-323 -337
-553 -782
-699 -540
-869 -456
-262 -768
-433 125
909 -814
-540 479
467 600
-488 -254
417 -886
-451 676
-691 191
-459 -974
-757 785
-692 -18
-620 478
-208 -896
-130 371
-896 488
105 -916
28 -289
616 -403
574 -157
874 647
839 -92
235 -864
-300 -635
-562 -364
-924 -321
648 -144
-511 788
-939 -772
-717 984
-34 575
400 954
-809 -276
595 257
-722 733
-208 -308
-456 -794
-68 618
-495 -962
978 282
-864 101
-214 -812
-182 -266
-956 -291
580 393
42 -303
-358 -457
471 -259
-969 -184
489 -663
-780 714
673 -792
-794 941
138 311
-604 157
68 -825
239 173
358 -599
-85 683
-333 -154
-480 185
-742 -64
902 -415
974 -398
280 -186
-522 305
924 -739
140 632
638 972
-548 267
367 190
-423 -122
940 166
-996 -266
-741 -461
-559 -830
-998 -504
-690 -959
-326 580
-695 63
518 143
102 -16
259 836
707 -584
211 787
-327 -365
875 -893
-63 723
-427 -283
802 293
425 -620
404 -961
809 -381
-862 363
-948 -122
-416 903
790 873
-488 -226
505 -508
972 219
739 160
920 582
106 -911
-793 580
-535 381
201 561
-783 460
-529 435
-188 -287
706 -348
-677 -203
-363 -229
65 -465
28 353
1000 946
126 580
-673 289
995 889
-992 271
653 931
810 -249
908 864
-420 951
749 698
325 -621
193 -122
-443 -939
-648 -862
960 -535
-492 187
-877 927
284 -34
-442 -355
460 986
-652 -236
-999 -7
692 733
-176 143
-330 -442
691 -969
-745 -537
332 -56
103 -852
900 881
333 -378
-563 -729
436 -984
-955 -131
907 -346
854 -715
901 -763
630 -947
-458 827
784 361
34 -85
-930 40
-21 -128
-85 -811
441 -222
-176 -722
864 -189
12 599
-492 878
-680 -866
855 -258
928 -875
923 -837
206 -941
257 -402
-751 482
362 -776
-361 53
403 163
-723 404
-195 -453
697 139
-402 -795
-395 64
-147 -168
187 -115
675 -313
-464 984
-591 -722
-242 -169
497 110
-919 -653
964 550
693 96
-77 -763
133 185
227 210
886 -279
-178 -530
-610 510
35 -380
766 -666
403 351
597 -881
-970 48
-934 -56
-451 748
-57 -994
304 851
-32 288
-451 861
-614 -937
-613 -590
-420 885
307 409
-566 891
-37 -1
-430 319
956 826
-835 761
961 -2
524 534
-942 -767
-355 -421
19 -375
235 907
-550 193
-696 567
951 625
-468 903
-629 -343
-816 29
-890 309
425 695
118 -338
-203 101
567 513
-435 -492
-507 892
519 930
-673 426
-691 -221
-187 779
715 739
-128 -436
-482 336
207 -855
-301 -64
983 678
548 -800
-233 595
118 529
241 -255
989 -779
720 821
-962 260
-689 -240
-3 997
-668 545
-12 -275
233 -817
-777 -643
134 -256
937 -802
-548 429
736 62
-448 771
208 -341
855 319
-324 -291
-556 -128
629 606
870 -460
483 -718
225 680
775 -976
578 -788
876 905
-224 -171
-23 564
614 -227
981 630
-258 756
-528 -99
-52 -346
-603 -46
-399 564
227 -890
-388 -832
831 -642
-512 968
-52 -203
-360 563
987 -543
-988 -535
-114 -386
317 -631
-615 984
-408 960
-957 724
-647 -648
-927 -664
-712 -936
328 -291
-323 601
108 315
490 -441
-455 -40
317 449
-355 -148
-356 -447
314 -540
-952 412
-781 213
-191 863
-259 -346
-649 -194
-412 -366
959 -616
762 -956
-762 952
-701 186
-913 -102
-269 -1
-678 121
735 925
-175 102
239 871
-263 911
-8 -502
312 -866
-865 870
237 -457
844 922
502 -934
559 385
-330 616
142 -972
-413 282
991 618
851 -811
350 -992
-947 -466
-582 956
-998 575
-900 -958
-121 -463
-339 -258
-755 361
-769 320
-556 -425
707 -125
449 813
-339 -497
-241 320
267 -959
-335 695
423 -419
-301 -853
926 344
-698 4
257 471
-889 550
-120 -780
133 829
-206 119
-522 500
-708 -161
986 257
-158 875
228 -518
775 -859
-453 258
-14 862
540 543
722 406
-315 -790
228 467
331 -795
-816 -700
827 -174
-736 920
750 440
-948 819
309 -547
-505 755
-999 91
-574 -874
373 -315
-215 -678
-649 662
-940 609
48 919
202 -465
-737 844
-568 200
-56 -537
-365 -138
-526 383
575 -897
-313 937
-974 736
-855 -613
896 -935
705 900
562 -335
-740 629
-991 307
143 -535
416 649
856 -417
-78 973
-140 -328
-605 -534
549 -883
-560 480
522 -684
-644 -833
83 -899
-260 -592
351 521
381 -853
-75 -635
40 466
-133 169
96 -894
-563 -992
152 -657
-77 792
-39 461
604 353
487 351
560 -431
61 -516
291 385
-756 -205
673 681
546 409
551 -899
-107 -601
-318 339
-594 467
-15 674
160 -752
-777 -550
177 -311
-994 -843
370 239
-684 -11
-832 -915
-276 472
-12 -662
-397 -926
-108 -953
54 -942
638 -173
210 -21
-7 393
-924 -597
-496 396
379 244
55 -112
571 -133
876 -467
59 -252
884 -855
149 -886
430 -792
512 -777
468 -352
192 703
952 -566
-658 875
-610 -991
-402 -246
511 838
868 261
-80 9
-212 -295
221 -352
-342 661
826 881
-807 -748
-723 -663
-597 50
-28 -245
-766 -857
801 437
184 -578
-397 -4
765 -781
212 -417
-499 -934
-839 -172
145 442
992 611
-809 -83
-464 423
-100 920
999 -542
944 966
390 996
-208 -117
620 27
785 234
205 987
-467 518
-440 -130
-903 -544
832 11
-522 807
708 -592
-627 649
-71 -612
714 -702
976 -482
129 -645
-330 592
56 -81
-251 79
-284 438
-331 -848
-356 187
840 484
-623 104
802 -452
-63 80
-261 236
7 408
-962 -777
-798 -447
-185 83
-107 773
280 906
-400 901
-275 354
-251 754
-367 -511
-43 -477
-723 -271
-24 904
-67 -467
-15 590
391 -812
-871 906
-21 104
290 449
988 744
-396 619
-190 -382
30 391
-266 877
234 757
489 560
-818 163
-763 694
849 -750
-610 -669
-782 591
413 -684
-575 -79
634 -503
-704 -431
137 189
195 627
-771 77
567 -602
-899 -625
-336 -464
-925 -317
314 -575
565 214
-277 568
104 454
307 -290
240 6
518 583
-231 -506
535 -745
-754 504
-553 329
-622 720
-942 616
-799 -671
-676 -430
-948 -401
874 -979
960 -697
821 -789
-483 101
-518 334
-490 -485
801 -239
-375 28
212 -576
601 -921
62 -79
-357 -917
-444 -589
590 -263
726 -472
191 -73
350 -665
129 -927
-551 -707
940 954
-245 -516
474 -443
-881 -984
-846 -56
278 544
-278 -548
-224 348
-94 979
38 -697
505 -859
-480 -175
-422 971
256 189
-483 -494
626 836
-429 495
-134 -335
477 -370
912 947
-755 746
-672 -963
913 -657
824 -962
671 -857
-812 -712
-975 64
455 -889
808 755
-487 475
141 -345
846 611
441 706
-597 719
-386 237
624 587
-407 790
-149 602
-179 -483
92 -741
240 211
-328 -704
-498 -661
832 -165
-95 355
728 328
-991 278
535 -310
-438 618
515 682
-529 490
496 444
-300 764
544 106
-801 -637
331 458
-22 -859
-657 -96
860 -970
-473 210
213 994
606 26
74 139
255 200
-41 -836
559 384
-559 -386
882 -944
-857 -546
-698 -616
-428 687
-900 -532
843 -763
-624 -855
752 -674
-331 -792
-243 444
-367 -337
426 645
-850 735
547 183
-680 6
-233 -149
-237 -709
823 66
951 137
-806 -932
-276 -385
-722 -81
-408 466
387 806
-82 -434
355 -634
251 617
103 456
-3 -728
-240 -801
-334 216
-979 -689
769 435
293 981
-332 -827
-979 820
-885 -679
-134 -13
-315 -585
-332 557
983 126
-271 521
-442 116
-713 -735
245 -754
280 446
331 -796
-160 504
583 -409
149 -794
-657 -621
-70 217
494 490
-522 -787
-207 103
869 678
991 -722
-543 -933
537 -551
785 -200
871 -303
-833 -221
964 797
514 -493
-283 -45
-28 -240
937 -99
-943 -385
-128 112
58 871
-423 695
499 -993
-107 -256
-273 57
183 701
-272 -926
-445 104
-868 303
-78 861
799 599
749 724
-36 524
30 -947
-274 -522
-808 -973
-154 -472
84 917
-321 -557
-641 -976
-469 -733
-144 -681
523 -530
-391 -376
-875 -19
106 860
-803 913
543 -590
-645 -715
260 -271
-608 977
289 -154
-472 -494
-702 -977
-115 -855
-42 291
-521 452
-437 401
988 -623
-608 832
967 -596
195 -438
-591 -21
778 -110
98 906
479 -997
-388 930
-194 -719
-453 -638
86 -736
711 -809
-167 -644
519 -17
-183 -438
-764 631
337 -42
-134 -92
25 -844
-977 329
-224 388
-556 242
-681 998
-12 503
370 236
333 504
-465 482
8 -853
59 -967
154 733
-569 -316
-423 -203
297 -717
569 427
415 -216
267 -472
154 -221
614 -331
171 -995
-446 -9
485 495
-177 -824
916 303
481 -222
-934 596
992 -849
-239 540
788 -830
-487 403
-238 -796
725 266
39 -801
817 887
294 -533
-986 -971
-145 -159
156 -703
-818 768
-761 -463
-540 -40
-230 -954
467 340
-347 925
19 -514
-515 721
-438 -725
361 -812
302 -290
833 -37
922 -580
-222 394
-38 479
-294 -538
545 568
-526 -403
-757 -221
320 -500
-743 -352
-563 -910
51 -469
866 871
-172 730
-44 -489
277 302
-324 918
-571 -264
-956 -340
-779 -757
-52 226
-495 -855
411 -530
-222 -648
-301 -779
429 342
-382 -334
236 864
3 641
-557 248
-59 665
-534 315
-437 -238
512 -664
681 774
440 320
855 -264
-854 -597
-789 5
630 910
494 102
24 -276
-115 211
-214 -355
-416 744
-672 406
174 -367
885 -330
545 461
855 232
606 -771
803 -206
-680 -467
-259 -563
-687 471
354 495
150 924
-601 -600
-543 -607
176 -642
-691 -581
854 19
-892 -198
-144 698
-139 391
-917 523
145 -345
87 -932
899 897
613 761
298 280
535 -351
-148 861
967 54
531 202
587 402
-770 -622
467 -312
207 461
916 -862
-827 -722
-809 -61
-227 -658
499 -809
-639 -351
-508 -949
783 465
-649 157
-746 -529
807 -871
-54 -626
-833 319
152 -630
-102 -334
-844 12
126 -925
-663 -413
-312 -811
-741 -877
701 842
-393 253
-828 -476
-813 -274
143 -28
-52 183
-547 591
-274 -888
484 -853
-578 730
-796 -663
-343 -696
629 137
-480 5
-116 542
-429 -297
-267 -84
-343 -295
-971 589
-162 237
-510 -304
150 -645
814 868
-603 -659
488 778
-394 200
21 -456
-177 -692
-800 -490
-147 417
31 299
237 514
659 -717
-489 447
257 378
-43 -329
-834 -632
719 -868
-180 957
589 254
-184 -966
533 -778
414 -350
893 -843
230 -11
367 865
-580 386
337 854
-40 695
428 555
-220 98
824 -961
897 468
-66 -61
543 563
-865 14
-554 753
854 63
-656 -751
-819 461
183 -733
-515 -542
256 873
-463 206
27 -964
763 224
948 -459
434 -113
123 -654
389 -584
161 925
658 -1
700 358
-253 -662
-292 -504
29 -479
726 -119
406 -570
-780 -283
13 394
-253 -517
-769 927
164 -533
869 -693
-760 908
939 -318
954 -548
361 700
-590 -557
-330 -355
922 109
671 874
-529 -837
-807 142
-823 561
571 191
-755 -652
738 580
835 -50
404 206
-578 577
-594 330
-858 -643
-324 700
-954 -160
360 -449
154 -760
560 827
-120 -665
-88 474
-58 -60
-975 679
-960 -39
-275 698
275 313
985 -818
284 -901
-707 974
281 584
-997 -62
702 -872
132 485
663 843
996 -690
-362 957
-215 415
-475 -703
518 49
554 -674
251 916
453 -373
839 -564
503 -906
965 -89
-631 -329
-810 679
-36 90
-144 627
218 326
1 -483
180 15
412 -986
-611 883
303 195
-431 -512
-892 -270
750 152
352 811
-918 374
-787 544
626 301
-585 560
866 284
-834 494
299 937
139 860
-231 -436
-718 967
71 -130
804 -647
614 -859
-280 -305
311 491
41 131
-65 15
-27 216
-779 -925
833 -145
-636 -596
505 462
-247 -565
442 -866
-348 -876
168 26
691 -706
-810 -619
727 912
-872 -153
548 -956
-607 -348
-849 -868
886 263
133 -171
-282 -435
266 538
500 198
481 166
-384 259
-62 -839
122 -901
-727 -760
381 -629
-696 -141
-220 -116
721 569
-936 -414
-440 975
-380 105
-715 -907
516 712
422 875
-998 384
854 -724
262 -918
-377 870
-836 -171
230 148
-234 -217
197 981
-181 -498
-622 511
872 -305
-292 721
-621 -836
-452 266
819 -879
537 249
957 -852
-29 -813
129 -182
-161 -221
-805 703
256 247
-80 -860
167 -709
587 988
253 -149
-63 551
776 -687
543 725
-568 441
769 696
-289 637
505 -578
-80 350
284 419
-857 -487
-754 934
-219 591
328 -376
-436 -226
555 24
-742 -718
386 -217
801 248
-565 -79
770 -196
219 -722
456 -318
-151 -932
277 -449
764 481
921 -421
-251 -160
-805 232
-36 941
-503 646
243 818
485 849
-293 -112
-302 144
-559 249
282 977
321 893
584 805
329 -327
1 -844
-340 212
634 183
-868 413
-272 802
641 783
327 -167
-17 -245
-697 -635
183 640
-155 417
204 -861
503 -324
-916 676
-384 368
571 424
892 -180
918 447
480 151
-503 -977
308 -62
516 398
-172 586
-296 -722
997 559
-297 -690
637 536
-180 -841
-785 -411
166 914
941 -638
-958 882
-347 306
733 -587
896 423
418 951
292 972
-711 731
-102 683
701 632
870 17
-348 -301
-154 -544
-428 -149
-68 -958
-710 -635
716 -975
-29 689
758 -747
-313 -40
357 -179
129 -57
824 406
695 493
968 -411
-539 -893
-494 -214
449 343
-128 590
-177 -962
-802 -471
-509 244
-171 -240
-587 -552
-476 -953
-111 -442
-646 -351
-302 -741
314 -676
752 630
-110 925
-751 -650
368 367
-901 -161
-406 -515
13 -82
62 374
-614 767
645 -396
-737 663
127 -231
-74 -292
-948 426
-165 -119
-106 543
-44 -912
409 -451
670 640
611 -93
-717 710
-550 -106
-145 -11
-28 250
960 432
-652 700
-237 321
535 371
918 377
-990 884
-928 -334
-69 740
44 573
899 -552
970 939
446 -492
502 -788
614 490
852 459
908 101
312 -29
698 561
989 78
-314 -966
-247 422
-707 -677
547 268
-307 580
-263 556
-426 -685
959 -485
449 838
-510 674
388 743
-578 -831
-572 562
-73 -663
-15 671
267 -841
-674 401
-209 41
153 271
557 -151
-907 -404
955 -311
-128 925
-823 967
-324 511
-832 142
474 -667
-999 290
906 41
781 939
733 702
-557 -498
-262 -792
545 488
184 -947
-323 -264
382 -66
-839 533
196 -383
-50 791
585 -154
102 -242
-61 -648
440 42
641 -623
875 -35
-837 208
-373 353
115 -553
-711 -349
-931 646
-365 -161
-977 -551
813 -583
681 -68
-468 177
-411 288
459 949
740 -620
-250 -18
952 -909
808 418
-28 -307
312 -701
838 258
92 608
678 219
136 718
625 -99
472 294
571 -945
669 -895
-616 -30
-857 -693
-288 -3
566 -640
768 -419
797 -185
603 -217
662 905
957 707
249 790
-551 138
-88 -807
-280 779
722 -421
-528 -927
751 -99
-988 -106
-770 -475
-111 -745
-448 580
-265 173
829 -836
-582 -338
-717 444
513 -934
-413 74
485 -249
99 830
-498 -307
-617 105
-848 -575
-559 -968
-449 -979
727 416
242 -909
-863 839
343 443
551 630
160 537
-177 -733
124 330
917 -106
931 308
600 811
-251 -841
-823 76
617 232
837 -32
339 -371
816 722
-502 -663
-862 720
898 -3
-21 -631
-920 -363
-136 496
-334 282
-495 920
-322 -182
-954 -561
539 579
-338 278
-118 -472
-633 910
-88 565
-112 -906
982 508
-145 400
-328 -674
169 59
-294 -786
248 -398
-778 791
406 -490
-93 -398
10 960
792 -747
-666 -661
-633 -858
641 851
-566 513
263 -938
135 585
-169 862
356 924
-659 46
322 -245
-636 123
742 -738
-590 489
-535 850
-583 -478
-543 578
524 910
-965 -46
380 -221
262 -808
-518 102
-467 995
-872 892
258 -885
-646 924
219 -441
512 -481
963 -153
244 273
-675 -249
-289 -792
-253 -477
287 -718
-72 -633
980 -684
-849 -192
-483 512
926 458
659 -662
-963 379
-25 -957
209 168
707 185
-524 -423
867 -894
34 949
-271 -898
-533 -477
654 -659
55 617
-223 -411
496 -780
-475 279
966 -338
39 53
64 -337
923 -402
-137 -53
315 -81
849 -725
178 667
607 -561
837 856
587 573
-574 -775
508 -642
-292 52
-772 -441
-866 -334
298 290
-891 -993
-184 77
57 569
-636 539
98 151
-100 757
-27 -145
-463 -925
41 -92
605 708
696 352
585 -646
279 63
486 737
-436 441
-28 -492
666 -941
-865 682
199 -76
-218 -782
516 361
131 909
-995 -716
-96 333
47 289
-57 868
680 82
532 915
-257 -807
469 -112
426 918
-338 -202
266 575
837 164
-233 -418
782 -430
704 231
-405 -458
317 684
-471 722
-235 -495
199 -405
-155 612
704 -896
45 98
-739 531
225 422
-261 350
390 438
-793 284
-138 -469
-803 -475
-287 639
-842 -573
930 -48
-185 -786
512 -261
220 383
732 -360
814 -539
36 458
267 -886
-814 -699
690 -590
703 707
885 748
928 727
-581 -739
586 651
-194 706
386 -393
167 -546
-537 421
-416 746
-263 60
104 13
530 537
-217 -820
842 -304
217 818
-950 -730
436 84
592 994
-551 -237
762 -408
-354 -495
-97 386
684 -560
-19 -85
-437 -688
-612 -124
762 -293
595 -272
411 783
645 -687
240 -696
-375 -504
377 549
-861 190
-625 586
-57 -891
766 -662
-265 -328
-968 617
161 661
669 -535
-668 -220
425 -874
333 943
-368 764
948 380
986 939
52 809
415 -702
-362 422
273 -157
-882 -716
-188 -319
210 -607
-390 857
-232 -14
913 -163
-602 266
-844 -652
890 -158
-958 352
-499 807
-908 -951
109 618
553 38
-754 -611
-998 914
599 -391
-887 27
-440 332
-865 654
675 740
733 422
-685 -451
978 335
-425 -597
463 -765
-591 670
103 114
863 -751
-130 843
0 -794
982 -186
-957 -559
-471 718
642 9
-542 -630
-228 -536
224 -538
-136 -285
230 194
-494 38
381 -477
966 -869
-784 78
805 732
628 465
637 -27
663 722
-980 -594
-158 -910
418 75
-858 437
862 918
774 308
210 -259
238 299
983 -813
258 979
917 -30
-185 999
-107 -834
-769 -453
185 14
864 965
427 185
746 -944
-942 229
-542 715
707 30
268 850
-911 -138
-988 246
697 20
232 -667
779 -730
741 227
-645 730
835 354
-824 -746
434 -808
983 -745
619 -138
886 595
-573 198
404 -525
-128 329
-325 -673
925 -858
192 -192
-407 -351
633 -828
-114 862
538 -512
-967 -135
787 229
-563 50
540 -147
-494 789
856 256
331 -455
311 -409
532 -656
330 939
-619 987
923 -110
652 620
407 61
-631 931
469 484
-857 113
-856 913
-518 -947
870 688
243 -840
-541 -737
-870 -513
764 -461
65 -203
-919 532
-162 -567
568 560
-56 -407
-657 636
-277 -358
906 596
942 110
-447 -566
-748 -335
346 -948
-623 164
-964 511
919 -824
937 -740
200 -503
310 391
277 70
775 843
686 226
-298 799
727 562
348 381
724 -716
-119 -676
-923 -877
104 649
665 -371
-30 -147
-448 -144
-827 340
-158 5
-728 59
394 -42
-958 -591
-885 551
-977 438
372 410
-448 -785
-881 963
-79 483
850 -45
354 -980
-926 -126
176 276
-380 -44
698 505
-688 806
357 -892
778 49
466 709
-74 -850
-53 -99
-414 352
984 -637
-481 -830
-319 -994
131 -866
736 -400
-288 165
913 -807
-531 -953
720 14
887 146
156 50
790 -318
183 -880
-330 226
-198 -415
-473 -180
857 -680
683 803
-631 -105
870 -541
-834 -143
-864 720
304 896
-178 -939
-928 -705
714 631
-89 349
-146 -137
-412 574
-97 -607
30 809
-628 839
622 -648
-801 620
666 -563
969 -627
-965 628
800 -70
999 -518
80 -445
952 525
32 -65
-873 737
657 -948
-403 363
-791 570
-306 -182
624 133
53 -326
434 -414
523 -541
114 -483
899 -749
-622 72
837 -804
-857 456
335 182
110 -45
-858 128
-757 -393
406 -835
-33 -605
788 -60
-837 512
-686 620
403 -175
55 -728
819 923
417 367
642 864
217 -544
-111 -893
924 -742
812 -36
276 -50
917 -200
-73 -688
-380 905
-128 -908
190 503
580 59
-556 253
970 -626
-366 -152
393 -666
-918 -573
-43 441
998 489
484 103
-189 911
716 698
3 981
-261 -249
-645 932
85 485
-936 439
-877 -649
685 -360
527 355
-330 -557
-554 -333
724 -141
995 160
902 924
154 -64
-331 541
-768 -469
-1000 492
331 216
-231 175
-846 -715
-62 526
-245 76
-99 -70
-2 346
-824 237
-768 -294
434 291
-678 -6
801 -563
-664 -107
244 766
460 531
350 -495
-770 563
710 -496
-459 -717
374 -66
578 -227
-44 921
130 -737
-492 98
-221 672
-993 -276
-920 -803
668 -242
-852 -213
454 467
-191 470
839 -347
-116 -323
190 -60
-886 -355
409 99
-593 474
-129 -366
296 747
614 351
267 474
101 457
276 -884
-264 -259
-840 -804
234 170
414 430
530 -668
421 814
686 282
-43 138
842 -739
-822 227
914 993
-820 597
901 969
-78 -74
-405 -796
-663 898
148 -97
989 -449
-34 -248
72 -396
197 -621
270 -645
157 -382
798 -368
-449 951
-927 -780
-73 -987
46 -674
137 -536
383 -532
-25 -521
-246 -567
483 325
-269 541
551 236
-953 -101
896 -551
-407 540
-500 120
184 -990
86 29
-51 -440
-844 774
-215 -763
-398 -395
544 757
-273 -801
156 -638
-211 167
799 980
718 -681
658 404
108 355
666 955
563 -13
-692 -205
348 -760
142 172
269 -89
268 -258
-293 -1
-305 690
-143 723
-715 26
-786 -385
-305 547
86 -319
123 -439
284 -231
494 989
541 540
347 -658
988 503
292 46
359 -526
-849 -799
79 934
716 -452
-232 393
-944 363
983 701
899 -661
785 500
-127 -891
-794 -74
318 772
-224 3
-953 52
396 290
56 -194
-546 78
797 938
803 105
-914 -946
281 343
976 -853
695 -271
-509 -905
426 -427
628 -173
641 -469
-772 -794
-661 -109
833 792
685 791
-923 -944
21 -74
-727 -254
342 346
-362 805
-859 755
-717 -392
-900 826
-252 -53
604 -257
-344 -541
379 -716
-935 -418
525 -264
872 -842
-775 819
-720 296
-599 -23
-963 -939
446 119
842 -267
-582 170
-466 84
-992 -34
388 180
-831 -98
-685 286
-564 -299
-844 -235
916 738
-765 -621
-436 -329
700 940
-160 -626
880 296
74 755
-161 773
479 312
26 -284
260 -970
-173 -765
956 -979
757 -890
-865 446
-244 939
288 317
-353 130
491 486
-712 351
-711 10
201 -839
-835 -673
473 -889
92 610
619 883
-588 119
-39 730
-292 -70
5 803
-833 348
878 -461
2 43
204 -53
55 -991
511 444
-826 266
346 -4
110 582
-638 640
-376 115
998 -425
894 -671
-637 118
-742 832
-362 -846
954 10
-573 -742
133 663
225 606
-720 -627
189 -773
509 -899
-146 933
197 -917
983 -778
-100 -299
427 23
206 -116
-861 317
343 -314
-371 130
413 -522
-114 -84
-137 847
277 -186
-854 -384
809 -488
-433 -946
-816 -711
-141 392
-927 259
497 41
349 -438
-587 -738
453 -231
-549 138
-632 -176
371 -501
284 120
86 180
-493 -848
339 536
-284 -233
434 316
-770 901
-329 -468
754 -519
-398 -786
160 -339
459 800
-230 607
189 -105
-151 190
-78 966
-442 726
109 928
-730 270
553 492
655 -463
-155 394
549 120
562 -993
-527 -529
-290 923
-694 581
844 955
222 995
-228 362
-830 -738
-868 201
-27 423
298 -237
233 458
277 135
462 189
-698 296
181 -928
398 -482
-823 -158
-235 -261
-87 341
794 -984
-401 563
814 816
-818 -397
-593 148
314 222
-500 529
289 788
-732 -512
-395 340
-475 -65
-370 -155
318 -733
-116 -851
-998 -285
985 908
-820 -589
346 222
533 106
693 -528
-427 807
922 -333
-911 -301
-453 -811
220 554
546 -578
-404 -295
-67 -169
605 -50
630 832
-690 445
596 976
-651 473
-38 -887
151 -352
-115 542
532 379
230 -366
-383 497
-643 192
786 250
-806 -251
-316 63
274 -726
1 963
654 -162
501 -68
-79 -576
-209 -790
36 -714
821 -528
627 842
135 649
-170 739
62 443
887 260
-227 -378
-583 -15
-531 185
843 162
148 884
790 431
679 568
478 331
-939 -727
-616 -83
39 -737
-264 -958
-476 -320
-649 -592
706 617
672 697
-987 -686
750 -211
-398 -697
250 524
565 -38
463 320
46 472
-497 127
803 255
159 -712
419 230
166 913
483 -303
275 -462
-50 -950
453 459
-647 397
920 -104
-675 -8
509 -829
452 245
882 -311
642 837
-556 -261
-77 -290
148 -104
-655 -761
-684 -89
-524 380
-884 -257
595 972
-37 866
997 113
-832 -946
96 -51
266 339
77 -422
552 904
-744 695
-577 565
-148 405
623 120
272 991
-61 -639
496 -927
-811 -403
-597 742
-136 42
-778 -300
-922 36
445 881
669 17
-311 129
-660 -724
-373 215
-902 -635
667 -252
131 -922
981 912
692 37
-454 -884
344 -854
498 620
-942 -551
-329 311
-770 -618
-407 95
-830 824
207 -397
-763 -329
403 -639
130 -655
216 -67
-147 -584
-313 -820
-759 195
243 -975
-763 -296
16 379
396 159
30 -898
-630 -10
-796 -864
-756 885
-83 -309
-611 380
879 793
-629 -452
-425 -716
-958 0
133 -231
-880 698
530 -492
866 775
523 -470
761 -879
-756 603
627 -313
785 491
530 -601
726 -334
-25 714
556 -886
664 -448
-214 -874
-471 716
623 -79
-553 889
-930 236
265 -204
78 -423
955 -532
882 -358
-988 685
987 455
497 631
243 -373
581 931
-675 -36
-876 854
573 735
276 -121
116 909
-595 172
391 655
609 -489
54 335
-724 927
-603 -36
699 -510
-384 -607
-475 -855
-395 46
-858 740
-890 -698
-633 129
277 -223
-639 40
-222 923
-629 83
15 118
-90 -439
253 -910
466 -456
189 319
-557 -655
-247 -233
-535 29
674 941
514 950
628 -633
602 8
-38 -16
467 -118
-1000 438
-581 444
27 -893
959 924
302 625
-793 565
218 -863
-749 743
810 204
503 417
18 -888
87 678
-142 318
299 -982
558 -539
644 986
313 846
-338 693
762 -847
-563 -44
-403 756
-968 -525
777 -440
-391 -506
-577 -267
-634 -464
276 -528
-359 -149
660 -775
181 -870
698 609
752 -572
150 -946
-462 -166
902 -829
-200 55
-735 -607
404 859
-122 558
-439 -180
833 -573
-99 711
472 -550
341 -925
-247 336
701 588
440 -469
56 767
-32 759
-410 786
299 -219
-63 -966
599 758
21 -265
-599 -760
256 -25
702 741
613 310
-98 825
157 304
-345 -530
103 -479
-565 552
497 -666
-751 -128
859 -615
512 -910
775 414
-618 -707
-329 -872
184 95
-699 -642
919 691
901 452
26 782
939 145
-325 -756
343 -620
-181 -896
-608 -53
-675 748
-546 784
688 622
-221 475
-658 849
-468 257
-563 67
-506 -44
58 -920
-488 -72
-88 711
-661 -808
818 -811
776 16
-796 801
-424 884
-994 123
766 801
-312 -171
-264 890
-226 124
-523 -924
-299 -828
786 456
914 -184
-861 -902
-874 803
-8 -323
717 -946
654 371
966 193
-463 601
-805 -864
-782 310
495 600
996 915
-776 967
-850 -443
-880 642
729 460
-809 617
-251 85
-104 567
386 367
483 -217
-789 -283
-774 -579
-618 753
264 -886
245 675
853 932
-823 721
-698 440
41 748
346 445
381 20
720 642
-419 -299
-780 576
871 -519
725 -769
-98 -886
-784 999
-547 966
-855 301
372 -426
366 -857
998 495
936 -913
582 750
-823 109
-16 -208
-827 249
917 -375
180 -856
-408 911
-869 -374
195 669
-364 485
-49 -798
-477 109
-130 436
583 859
966 -34
-585 995
776 -367
221 679
863 8
377 -79
835 -893
614 902
924 -272
-57 690
933 -71
-969 544
745 966
-889 -376
517 -503
-875 -327
476 394
994 203
832 146
83 280
-21 887
721 -459
122 510
-396 -77
273 -969
-201 -997
-943 335
-688 140
136 -114
-575 419
-433 -204
-179 -924
-725 673
-649 474
-935 245
517 -836
13 351
-841 -168
-232 478
748 -753
-535 -192
645 810
9 -236
958 -221
600 315
253 811
571 138
17 -904
604 498
-750 259
-666 -223
686 -590
281 377
-817 -159
-380 984
-319 222
375 -936
-798 251
-45 -257
859 -846
881 526
823 679
488 -828
-409 853
-315 272
-295 498
510 -286
-415 132
45 -120
333 360
-820 -842
821 51
-984 280
-568 -776
-233 351
-260 -259
375 66
-511 463
-624 640
796 -564
920 570
-523 -631
-792 478
-230 -891
969 -360
53 492
-790 -765
-395 909
-79 -622
4 -282
411 46
644 -955
982 315
74 300
567 -702
-536 -66
407 26
302 308
-847 557
-572 481
342 565
252 947
-2 -436
-377 448
170 618
740 584
28 348
994 -450
-808 656
610 -959
37 154
-657 903
-450 671
-459 -634
722 -834
-4 83
-139 -584
198 -408
681 399
764 -470
797 -129
511 -712
-507 246
899 465
357 992
518 -42
91 -215
933 -670
271 -987
-567 -173
927 -607
-450 219
-556 -454
222 730
-188 -602
210 2
524 32
497 -195
763 978
-710 -701
-626 781
-876 -597
-142 528
674 -10
-537 -411
741 731
498 -11
861 338
-730 765
-285 502
152 38
278 570
-121 -647
-290 63
-462 -694
-929 -291
-534 427
-802 -17
682 557
799 -80
-936 -102
-519 -148
152 452
-906 691
570 166
-682 -960
868 903
268 845
755 -742
-824 -886
-790 -974
261 -810
-828 511
988 -328
-199 -246
-987 745
316 560
561 715
-446 -341
700 -93
-723 949
-19 673
296 331
558 679
-351 -239
333 848
-886 18
-908 -630
-611 140
-679 622
862 -144
1 -697
-285 666
528 -537
-999 956
904 -925
982 694
583 65
30 835
587 -439
-730 480
251 -461
984 -252
-440 -34
776 339
-919 -195
-971 71
215 -524
-658 353
-790 -197
828 14
-312 -921
479 -2
901 -126
-324 996
692 -488
172 377
118 709
33 965
359 229
-433 910
-596 930
-908 -404
-70 -489
711 -680
280 857
-266 -216
510 -642
-909 -576
-34 -348
-510 642
-181 -487
-355 626
-733 916
-521 -683
497 -965
-802 -200
270 598
484 -376
479 932
-335 -642
-452 -492
716 657
695 416
-177 457
393 -552
498 158
375 -730
523 243
-462 -575
609 912
612 465
858 113
952 502
111 399
-864 -218
651 629
370 -824
-274 585
734 -249
-697 776
414 749
709 -662
227 96
815 355
400 502
532 583
744 -527
961 -867
-905 -371
-630 156
951 -987
948 -490
-857 897
946 -360
-908 991
-443 -697
62 413
22 -988
799 -865
-260 -936
796 786
9 608
494 -534
-946 -129
-401 121
764 -285
-22 -238
652 -865
689 611
616 669
-253 -550
-673 491
370 832
315 193
120 871
709 497
-214 -947
935 -154
-782 -581
865 19
902 -852
634 336
-385 661
269 737
272 267
544 -557
472 -585
-198 785
531 -682
-637 199
372 -591
104 601
-494 109
432 208
620 513
-533 -152
-587 865
-267 924
-977 -374
-793 325
555 595
138 -417
-779 89
426 389
-779 -139
-718 239
219 -135
33 -750
386 -401
-449 -733
-871 -632
-854 -704
-750 992
646 72
817 -4
522 74
-851 238
-907 128
-156 -476
-341 -842
348 -29
-402 -960
656 -113
-192 777
336 -942
-845 658
735 393
609 813
-85 -198
213 511
144 666
878 387
184 235
167 290
-689 908
-499 716
477 -110
288 153
-659 -124
915 484
-316 -873
-963 -530
-826 -892
-201 -652
-883 -932
-459 -720
-44 -824
460 669
683 558
-887 -264
914 -83
-571 -705
739 279
-102 -471
256 -698
658 883
380 -498
-17 306
-289 439
-535 -475
-391 -451
-554 472
-817 799
-956 -229
-100 181
-102 -309
656 239
-108 593
584 -657
-202 -363
-292 -237
557 -563
466 34
720 -194
608 775
-371 -163
-510 731
-676 613
-897 -917
681 622
-211 941
138 -239
975 340
-194 -553
884 -351
125 65
-180 -622
17 -871
-246 771
-180 -543
-716 982
548 361
256 57
512 -658
-980 -796
291 -282
197 -991
106 -394
494 104
647 500
-666 199
793 -79
267 1000
-388 -844
-206 -717
898 -242
712 368
-785 433
950 734
333 760
-334 335
-419 96
-87 -457
-824 -770
430 -241
282 -441
-227 -220
-888 -155
439 -462
-195 -634
805 -860
-46 229
75 -998
-711 -261
948 201
456 -654
-145 -238
-982 -459
-235 -726
101 -797
762 815
614 -764
249 336
456 918
-602 703
667 272
-454 -20
-437 -880
227 662
-317 -778
-773 824
368 -61
343 776
-164 406
198 21
-92 827
-152 60
612 -129
943 165
286 760
-396 -112
-17 342
544 -306
-351 46
173 346
935 -167
-603 -813
-529 -196
509 322
-472 -334
-14 233
-532 -949
-104 705
149 785
-337 709
102 211
-693 -982
293 -641
-75 378
-824 855
693 -63
-33 211
-865 -91
-116 -461
-965 -226
737 242
-484 79
722 102
-924 726
-832 -225
555 -391
451 132
-509 795
-930 12
885 -575
409 696
-868 759
567 483
751 134
581 -901
522 288
-977 271
977 -271
-125 -839
-399 595
-270 -490
396 865
-375 675
393 -605
-521 974
399 -558
-281 20
-13 -653
30 373
715 -536
-231 985
682 844
-525 440
426 14
90 435
-259 -676
-429 210
-816 -898
-120 -277
412 92
-469 -29
-27 -319
-429 -767
-818 -542
-749 -56
-389 -973
37 -44
518 538
482 -252
795 163
517 -449
820 278
878 -667
-606 338
696 -175
-718 -987
-902 744
161 -693
-820 502
-149 -595
-920 -744
706 572
-42 205
-521 42
179 981
-790 -181
-312 -777
-425 317
-727 -746
-107 -343
268 -848
-138 779
503 -127
336 627
301 171
12 162
751 -104
966 679
733 168
-571 -181
-536 -651
356 -111
-719 597
638 255
547 -847
-251 -624
-448 -140
-918 922
-450 -316
-551 -964
-124 714
-211 -913
129 -111
-344 -717
196 -52
259 851
367 786
462 514
789 -338
696 670
-659 -276
326 -540
-653 304
102 -164
100 14
-603 -177
-677 -668
768 362
-787 -440
-822 762
165 502
-661 -465
-528 787
961 383
-835 -324
-207 -766
23 -203
-542 -349
-701 979
658 328
657 -508
406 706
-689 600
562 -298
-924 -13
-985 -19
-107 190
-311 -707
931 -536
-424 -990
540 987
649 228
61 -146
639 575
625 -174
-415 760
-431 147
249 -193
297 130
-99 244
869 786
947 120
-786 -454
202 1
-202 -3
718 821
446 -668
-964 859
-176 495
-155 -157
-480 647
260 -38
702 -79
532 -283
-749 193
-644 -730
-790 -228
-44 -518
44 514
-335 -13
-733 -492
-258 -420
-914 -725
68 -726
-87 346
-625 -692
-406 845
-385 613
-211 -369
54 -274
-405 -145
-94 816
-111 -889
120 -432
-185 133
-94 931
931 326
91 485
-50 660
510 505
595 821
-215 -30
280 195
-467 -963
-323 -167
-288 -873
-349 -839
745 -402
-389 -50
2 -898
161 49
-434 582
-234 4
256 491
780 -1
335 -151
262 -453
-122 -614
-698 548
894 908
300 -889
-89 -130
231 -4
991 163
-155 -317
404 -585
-17 -318
-88 534
-200 -293
661 727
373 -61
346 563
62 303
718 -999
-363 -222
-36 -714
-164 -285
-384 -186
153 558
689 684
-596 400
-598 -352
-468 -119
658 225
-835 605
-28 83
60 75
121 83
-74 676
823 430
-360 -786
443 930
945 484
-273 824
-378 316
386 222
22 122
-100 182
387 683
-448 -272
240 -422
896 671
-205 -565
-191 244
-6 -558
426 802
609 49
-439 -246
-332 -521
-918 560
-999 -365
-831 -438
-404 457
-880 172
825 747
-811 -970
853 -788
314 467
-408 -423
-184 579
485 298
-310 100
325 -282
74 775
989 714
-500 997
-513 -866
-73 486
846 924
-248 750
-80 368
-23 865
906 273
731 300
-469 854
327 473
-687 -521
317 436
838 638
734 -36
108 351
415 -328
-991 -22
313 597
701 302
-705 -939
-577 -226
943 -237
-636 -835
-678 251
990 980
504 899
377 507
535 -721
-416 -322
-549 770
588 823
329 376
623 686
459 749
-407 237
-652 698
-338 -502
691 183
-878 340
371 499
389 -784
-778 749
-736 13
863 -369
-295 -716
407 -410
-268 -134
-787 439
839 565
790 27
564 -414
-642 735
327 -641
-81 -998
725 -941
-121 -427
-950 359
720 701
102 -651
578 -573
-101 -380
976 -849
-471 467
-587 856
224 795
650 363
-817 -268
57 -282
-987 339
-882 -500
512 -693
-827 -337
67 -260
-465 50
-171 -405
-65 -652
-101 -94
214 277
731 253
590 176
546 -398
538 535
-300 98
-43 -223
991 -881
-215 420
395 -43
-905 973
-149 935
-253 864
644 498
-510 -866
617 272
-484 -799
-566 -457
381 655
140 -10
-31 801
-447 930
597 -711
-226 474
655 3
-674 -940
151 992
10 -780
506 19
362 -472
91 695
-60 -442
672 -407
-848 -306
-938 789
773 -856
986 571
786 483
-507 933
457 303
-729 59
227 693
-715 235
-566 535
383 62
-572 -289
-865 -299
-778 606
710 221
-654 -263
181 -650
-289 398
708 -528
442 447
975 203
-787 10
123 -73
519 526
244 246
-262 -511
728 827
-361 -312
-623 159
-478 -689
-20 323
-627 427
-804 -193
-366 -564
526 -732
579 -447
-637 -331
4 -563
-570 55
319 -235
-615 470
-234 428
654 -792
992 316
148 -318
-823 -745
440 494
619 -358
-561 466
701 -551
271 987
-699 -534
-901 -434
-117 -859
465 -310
-78 -465
-372 -820
150 -166
623 189
-146 -337
-782 572
-945 147
652 969
-171 952
-303 -347
-473 725
71 -576
970 -981
52 89
-358 221
-640 -609
514 -392
102 -498
647 899
-613 -681
799 936
963 566
-737 708
-363 87
-532 -583
443 586
-44 -953
946 351
532 -751
653 -798
-639 -399
-75 253
-87 669
877 -175
-530 218
360 -600
757 848
-724 -393
311 273
-738 -61
891 -17
-726 80
78 -808
376 356
-502 -488
-658 -928
-917 -625
-19 -812
-633 -958
55 -880
604 -598
291 170
-983 259
-150 -241
694 -801
-352 26
-693 343
-116 -181
742 91
345 855
-767 757
-935 -546
-944 740
-78 -113
669 -428
-556 139
-755 102
842 -651
694 137
242 840
-822 -239
-989 262
-646 -78
-866 576
33 13
713 739
994 928
378 461
-799 342
955 795
-727 801
-390 762
-920 -265
25 -264
303 -664
386 633
-109 530
-697 -305
255 743
-312 -362
867 -299
-230 -801
-662 763
-839 -127
-326 -342
-473 -772
173 -597
-634 179
526 127
505 -148
709 -914
579 -577
-808 -775
-101 -943
-554 252
-313 -907
669 -814
524 763
-632 -628
-494 632
502 337
401 -159
655 -122
285 -948
538 299
-709 894
-923 -383
634 400
923 383
-632 -741
-291 -249
617 -491
-152 224
-226 648
232 863
931 809
-17 530
370 757
-118 -513
-276 994
-796 -643
-32 -209
144 292
521 950
816 374
232 637
-124 -573
-381 487
860 103
236 969
-690 950
505 920
418 33
510 395
722 19
426 -390
595 -819
637 484
160 744
-529 -689
163 -978
340 -809
447 -409
618 -111
668 880
-719 -708
-531 -570
361 -79
-528 751
-981 -602
