42
950
23 -1
-27 74
-33 -55
100 -78
64 51
-41 43
86 -80
67 30
-61 92
83 35
-72 87
7 -15
-47 -9
-39 -94
-67 -38
-65 -86
9 -70
35 15
-59 -28
-9 -2
-55 -82
83 9
53 64
-89 -96
-96 89
-85 94
76 88
-26 -98
-41 -76
47 93
73 -14
-73 12
-63 -32
-73 -5
-36 25
92 -91
-70 -72
-71 -80
-79 -27
-19 -31
28 10
80 94
-38 35
-89 -14
-13 89
60 -64
61 69
-72 94
-10 -40
-60 79
-77 17
-70 92
-68 -42
-72 68
-34 81
60 20
-43 -54
-60 85
-68 90
-41 82
21 -81
15 -8
35 96
55 -74
-20 83
87 -23
-51 -5
37 -13
25 58
36 -10
68 97
78 -88
-45 -97
95 -3
-30 51
-2 -38
-54 94
-59 38
-94 8
-35 41
-31 46
67 -2
58 -55
-87 74
-4 34
69 14
-48 -32
55 -5
-26 47
-73 100
-49 27
-66 97
78 74
-70 -37
-20 -95
86 26
63 12
40 -99
-33 98
-26 27
75 57
97 -21
-45 40
-71 29
-92 41
-94 41
-70 26
-31 77
-6 -3
43 -36
69 -19
34 65
-62 42
14 65
35 -36
66 2
90 7
-15 77
-17 19
-54 35
57 -41
-33 60
11 39
-22 36
-54 69
88 81
-58 -22
-16 -99
-7 -58
-23 73
-25 39
-85 -32
-5 -79
6 87
-60 -8
47 -79
-62 -26
-11 26
-87 1
-49 -7
19 58
-89 82
74 -46
-31 70
58 68
-49 82
27 -74
-12 -80
18 -31
92 18
15 -72
-41 -21
-63 -80
79 32
-3 53
65 -14
-52 36
37 -70
-2 -80
10 -96
59 -94
-53 57
-59 -30
89 -23
9 -72
-16 44
12 53
18 -81
76 90
-44 -62
-8 -80
62 29
25 13
-15 3
-97 -8
-32 69
54 -99
-12 8
73 11
-71 47
-53 -20
70 -48
-51 -64
75 13
-90 93
-48 -65
42 -57
51 36
-66 -24
-1 75
-34 -79
-16 -75
11 -81
-64 67
72 69
-4 -77
-28 32
-100 -65
62 -75
-85 -34
9 15
-77 -67
-52 57
60 22
-1 -99
99 -24
-77 -93
-92 -93
-69 -55
49 -60
-25 9
-35 -100
-83 -94
-74 56
-76 88
-70 -85
29 2
-4 70
-15 -92
-16 -84
-90 46
-66 59
26 -82
68 9
33 57
3 57
-56 -52
-34 -62
8 53
-67 -22
-63 -92
-100 -74
21 -30
94 28
96 -90
-89 5
83 25
-90 -40
16 53
-53 55
-41 -51
1 -63
44 40
-3 27
-42 -76
-88 -40
75 -62
38 -11
-74 51
-47 -75
20 -68
-99 -8
49 12
22 75
-30 89
90 -77
76 26
47 -2
-56 43
16 -56
29 53
35 -34
85 -56
-92 -19
12 83
83 56
-67 23
-73 -75
51 -93
73 75
48 83
20 4
68 -12
-14 65
93 -100
-20 44
72 63
15 29
49 -10
18 -78
47 -77
24 11
-81 -48
-50 55
50 -53
-99 -15
-21 -86
60 -15
62 -11
74 7
11 98
62 98
23 66
64 17
-35 -94
-16 -38
-83 19
-79 -6
-79 80
-97 64
65 -34
43 7
-1 -84
-4 50
-67 -4
55 63
3 -51
94 14
46 -28
48 -66
-98 84
-86 -52
-34 72
-4 40
-10 -59
-7 -51
66 -19
-60 76
27 -60
12 -66
36 -98
22 99
1 -11
-63 -62
-15 -1
-73 8
33 83
94 -59
-49 -18
73 -40
8 91
-60 30
36 -53
-57 3
-41 60
-99 73
-84 39
-69 25
-16 -73
-27 89
-59 57
90 49
73 95
-6 -47
84 47
-95 96
-6 19
85 46
90 91
-88 -51
43 -98
85 -97
-52 17
52 -23
42 -94
100 -35
-5 -99
61 -4
-23 -82
-13 60
-82 -59
39 -49
5 -78
-8 58
98 -53
-27 -50
51 47
91 -47
82 83
-62 47
-16 -82
66 -59
-46 10
4 60
-69 -12
-10 -41
41 47
-40 -70
75 86
90 34
-5 19
-54 -72
-91 19
63 34
-79 -70
77 84
-79 16
5 66
50 -12
62 23
70 -64
-13 5
25 7
28 20
41 100
48 -44
-56 71
-27 97
6 -83
57 73
64 28
84 -19
60 -46
-95 24
53 -81
0 85
65 25
-91 -22
-59 43
79 57
79 -93
-51 65
13 -81
-22 6
-97 69
9 -49
61 -55
-1 93
59 -53
33 42
6 49
-1 39
-19 21
14 -91
-74 -83
-50 19
-3 -87
-71 -27
-100 29
-57 89
-87 -22
-75 3
85 4
38 -30
76 95
55 79
47 82
-15 14
-25 23
100 10
9 -18
-53 -21
-19 99
-96 20
49 29
64 19
45 -27
-9 14
-66 -27
-4 -38
1 -96
43 -17
67 4
-68 5
-29 34
-88 -94
49 -100
67 -10
37 45
-51 37
61 32
-92 -38
76 -15
-54 -76
8 17
-30 -72
28 76
20 81
78 66
-10 74
-61 -28
47 91
49 60
-14 -47
58 75
28 0
-10 6
-95 42
70 80
-85 38
-23 -51
6 9
2 -77
-93 12
15 89
-21 5
17 7
-17 -7
35 -44
42 25
25 71
32 -47
-93 18
6 -19
-65 -39
-11 -47
-35 -60
-27 -73
12 -73
-33 -32
72 47
45 22
-57 79
13 45
-14 37
-100 9
95 58
44 75
81 -41
91 -94
27 28
19 -85
-30 90
46 62
-89 -31
44 -38
-56 -22
34 -22
35 82
40 -56
-33 23
48 -82
22 -31
73 70
-52 86
-43 13
13 76
61 -88
75 72
-56 -42
26 -35
95 -81
97 50
9 -80
-18 97
-3 23
68 57
53 70
12 61
99 36
-22 -87
46 95
-7 81
47 87
76 -37
-97 -16
-78 -28
77 61
-73 44
-72 -76
-32 60
-12 -73
70 -14
77 23
81 92
90 -61
-6 35
-5 -58
24 -81
55 34
27 -83
-9 41
61 -95
-4 -69
-6 13
89 -22
-100 31
97 45
27 -7
24 15
-32 -91
18 87
-30 -13
-36 -98
-19 -40
43 -53
-3 94
32 78
-17 56
39 96
66 23
-50 76
43 -31
88 -94
-11 -84
3 49
-57 -30
15 -84
-69 -6
-41 -33
13 88
22 13
-55 3
-57 -8
100 -18
26 -55
-39 96
30 74
1 -55
77 -56
9 18
-42 -68
-38 -58
95 63
87 -14
52 25
-94 -68
-64 -7
81 61
-44 63
-9 -99
-53 -30
-33 100
-46 -81
41 -75
93 -42
-60 26
7 -69
-85 -95
72 -35
80 -35
21 45
-49 79
-58 -60
-22 -34
98 83
-97 -99
-44 3
18 -20
55 -36
-46 15
40 43
-61 77
4 49
-5 56
-59 37
67 -31
83 -62
-62 67
-20 30
46 -43
-94 -29
-18 -32
-52 55
23 -71
-62 -14
-45 -48
-21 -100
96 -15
-92 -73
-47 -74
99 7
-66 82
-37 -100
44 99
-11 58
60 94
-96 26
-90 -26
-87 33
45 89
-37 59
-86 38
12 -39
79 -90
-65 56
16 21
-60 53
17 16
-23 38
-59 -34
86 56
-37 78
-52 46
-60 68
37 39
-94 -44
14 -90
5 78
26 -59
10 27
67 70
-76 -92
45 86
92 70
-14 -63
46 -88
19 -78
31 -99
-99 61
-89 77
-77 91
9 -23
87 -44
54 -67
96 -60
-38 39
75 -81
-5 -30
-46 -43
-18 34
-67 17
87 69
-43 -6
-80 42
-35 -44
83 36
69 25
-35 -50
-53 56
91 -100
-58 99
25 -19
87 14
25 54
82 -12
-15 100
39 98
-69 32
93 -37
8 -17
-50 -22
68 -45
12 64
71 97
-28 82
31 -50
-26 70
25 88
78 45
34 74
-73 84
-7 -19
64 -47
-46 -26
-27 90
98 -94
-65 52
-57 -36
-15 80
93 5
-48 -20
94 26
-23 -12
22 -51
75 -10
-70 -33
-5 -92
94 -91
-19 62
-67 -92
94 70
-26 -18
-74 57
42 -91
-23 -81
-99 -2
67 -73
-64 44
-8 57
-59 25
44 -33
-91 -30
5 40
55 -34
-6 -37
39 79
-1 85
-73 -65
64 -50
6 -31
-42 -45
23 3
3 73
53 95
-49 -87
-29 -79
-64 -36
-95 -40
73 52
82 25
1 -6
-77 39
7 77
-16 -24
47 74
-71 -57
-72 35
99 9
69 -64
80 79
92 -84
-59 2
-3 -27
-77 -1
61 -48
-69 -99
-48 6
-73 -98
43 -47
-70 25
54 -72
-20 99
49 -88
-27 76
-70 3
42 12
-60 55
67 28
38 -72
16 -17
-68 13
18 21
55 -51
88 84
-87 90
54 -12
-82 81
-33 -13
-55 21
48 35
-8 -58
78 -19
-95 79
-82 -20
63 54
85 5
46 -82
33 -86
-86 -10
75 51
-49 -6
-73 50
-78 -32
19 63
-26 -14
-81 24
4 27
-12 42
-22 -50
37 -42
31 -61
32 -29
-6 47
-85 -60
20 -10
6 43
-73 -85
-24 54
34 43
-22 -14
-60 77
85 36
-42 -57
76 -16
86 43
-58 -6
-73 -40
-51 0
-20 -88
0 -11
-7 94
-45 -58
21 -95
-43 -67
-76 -53
-40 -7
-88 -13
23 90
54 28
19 42
62 -57
12 66
-70 21
-60 -68
53 57
90 20
58 -31
70 -23
-91 -25
11 86
-12 -96
-17 8
30 63
1 92
28 -37
-73 -96
100 66
-65 -34
14 98
-61 -60
-100 18
-34 90
95 -89
99 86
30 -11
76 76
-59 -14
-11 98
-52 18
-60 -9
-97 13
-80 -70
-31 -100
-69 69
-94 -72
46 87
-65 75
-84 1
-36 11
-81 20
48 -34
-64 46
-44 33
61 -43
31 -79
-38 -97
99 -65
23 -31
57 -17
-62 -91
96 67
61 -49
64 60
84 -51
88 41
2 -89
30 38
-79 -89
74 77
41 -10
54 69
1 79
-1 61
-43 -34
-57 69
-37 -60
-5 -65
-82 -21
26 -32
-37 25
-32 76
-69 48
90 -66
-9 26
3 29
70 77
13 -44
-39 35
19 30
