42
9908
932 -311
399 217
-106 123
315 -432
-58 279
-366 604
-951 452
932 895
368 696
-776 -824
-229 -933
-564 -338
275 -816
397 665
-419 -917
740 -871
579 883
268 906
109 32
-434 893
175 -453
-131 -388
-518 -274
-574 -954
759 106
245 -32
-920 652
681 -439
-857 869
-133 -321
902 524
-817 -998
-910 -9
-416 155
218 603
256 820
-238 720
330 -971
678 -105
322 -456
942 267
66 518
-493 732
857 817
-22 673
623 -402
-984 720
713 -909
-74 -160
-151 916
103 27
-365 241
507 -243
914 634
-692 511
934 633
154 135
-829 561
-782 460
617 -382
44 346
209 -355
-4 675
140 837
-218 34
110 687
-291 -499
-195 387
-872 779
-9 376
-139 -7
-34 -305
-806 -959
396 -773
-382 -257
-910 613
-370 193
-612 756
-196 -69
-681 -985
389 -316
-45 -356
-410 -739
-992 975
30 206
493 -487
-396 -908
-729 946
-101 145
-634 -842
-441 331
693 263
327 -830
-876 688
-270 823
533 430
-31 469
-119 -363
-880 439
-805 621
-788 -220
627 428
-140 873
367 873
-762 475
-24 -666
298 928
723 -127
797 -796
291 -30
269 -766
-562 50
290 591
-250 465
317 -528
-388 -72
613 803
-398 706
-109 733
-570 -630
-242 -421
833 200
-653 -605
801 298
-753 750
-196 965
-682 -509
-572 433
753 -799
643 -373
144 898
490 524
37 89
438 740
-394 932
868 -427
-500 -419
-166 307
-607 63
-179 -138
848 553
705 -946
22 -626
221 -639
787 566
-993 -349
403 -641
506 -419
554 614
-97 -241
-791 -119
601 -807
39 -336
-39 334
487 476
-63 501
686 10
-752 -265
-867 -723
142 -676
600 -963
-956 -397
614 235
816 318
-979 -860
46 647
-214 -743
-284 597
745 -59
618 -457
395 266
-842 674
785 -823
-992 -973
870 -385
538 -888
-519 493
-162 467
-989 -623
48 -121
-444 672
-576 -31
-720 491
-466 -560
-786 -717
-234 -532
107 802
695 -10
881 715
286 -184
-79 374
-301 -768
-608 -799
619 -470
392 -905
190 142
-576 569
233 617
968 532
473 410
802 -765
357 -928
-299 -372
-558 181
629 -115
-793 887
-982 -23
434 -778
-511 -711
-111 -505
-407 872
353 -79
-41 873
549 -64
-844 -411
-760 -775
-477 962
217 191
822 -815
844 492
-98 42
-328 631
-251 413
648 46
869 784
153 961
-848 -134
-961 -812
937 -346
-235 -77
-62 -738
672 658
-508 -870
56 -466
-18 -640
2 153
332 -440
58 672
996 878
447 598
-458 520
-287 -57
532 -59
712 -336
-371 652
-267 1000
22 297
-362 -800
-590 -864
955 225
902 296
-445 717
-641 27
-825 -717
-694 149
215 -178
-975 -659
-560 -813
906 950
890 941
993 -959
290 435
-279 707
721 -683
-874 202
-319 -957
367 -296
533 -970
215 -483
-819 730
275 59
-529 768
-836 1000
118 -525
124 -970
-899 259
-506 -261
-849 835
527 414
798 692
-824 53
-914 536
708 562
-913 833
-586 19
-792 486
-818 -599
-963 -646
161 642
-367 -758
282 950
199 991
-287 476
-311 -545
-973 -758
173 -598
-744 -311
291 -522
-382 -590
-127 -265
44 819
481 -283
-230 -514
-744 -136
676 440
-737 -704
-260 -897
-908 -797
-53 393
-894 875
-982 431
-864 -656
744 -995
-482 464
-614 -629
-833 258
-773 127
504 182
-398 33
125 -709
-984 644
-859 419
-804 -429
-240 -315
845 -379
840 415
754 -38
-857 -615
969 125
897 712
-935 -786
-554 -707
798 -802
-25 -437
758 929
-795 701
-840 274
-699 -437
974 889
-120 11
474 -60
-841 545
-198 816
946 -991
915 -953
-201 -440
-36 -503
-758 -754
318 735
964 85
267 783
-510 -537
-167 -816
671 -250
189 850
-880 61
-786 -648
-509 990
90 -536
-717 -414
-76 -484
-835 -81
949 249
548 -151
916 502
600 -463
99 682
-522 -111
-44 289
-648 37
-663 311
-201 181
-309 532
-474 599
-843 -731
567 -870
-951 459
-552 -191
-846 -994
561 -316
-265 -109
-319 -808
-377 -957
-156 -342
-951 340
-747 66
69 800
-786 -844
468 -306
-213 627
-381 -971
-608 -154
430 -20
-494 -538
-809 120
-217 -247
-271 -472
386 892
-440 -425
762 925
501 183
-114 615
-813 913
-656 992
-919 -187
-87 724
-805 -50
-28 113
-4 -471
43 -643
612 -134
-453 -88
530 -258
-873 551
-766 -686
-990 767
533 535
-839 377
126 -920
-442 -268
392 -173
-498 832
-385 729
915 -236
571 317
202 539
-64 735
496 820
352 228
-24 560
115 -300
534 397
647 166
-797 321
719 -703
357 206
-448 -149
-306 -704
-231 610
530 -811
632 -162
-591 339
621 770
-764 560
465 -62
617 -803
940 210
741 441
870 279
-379 -362
-108 -878
162 206
125 -411
690 -736
-759 -517
-6 -485
292 -945
53 8
-11 906
690 -333
465 -276
-928 -931
-721 -231
-964 -523
-33 -165
-787 -14
496 -751
-393 -301
-450 -774
982 -916
317 -928
83 920
-320 -917
-808 931
-36 877
164 639
-88 720
-322 647
147 651
-822 822
739 229
-365 -300
507 953
-101 -917
-592 910
766 921
-178 785
-48 203
-299 -868
-494 558
-809 866
-217 94
-515 -948
-497 367
-882 779
-856 -743
260 -400
251 -126
-499 -309
25 -662
-698 -991
-899 -352
-526 583
-244 -97
189 -606
374 998
324 223
253 239
-90 -655
474 748
642 -763
966 666
-308 201
-690 -732
-521 619
-552 453
604 438
-396 -597
-911 501
930 -96
-500 -681
584 -233
59 888
-426 -431
936 -535
428 -228
828 -686
112 -752
915 -675
-362 -618
107 -664
-465 321
560 -901
-637 -141
450 217
-953 747
-373 423
-300 247
-427 -299
-827 145
603 -857
-478 578
-247 -91
-998 -691
485 578
-877 -962
549 -130
-503 768
170 490
565 227
-640 -623
-515 993
-123 -439
-964 -769
326 360
752 -54
-754 -365
-807 -763
-740 -298
334 -965
65 498
236 -80
-145 9
400 377
584 -837
-857 957
-140 433
-781 299
946 -364
-704 -992
-406 756
-331 198
807 -821
88 171
-623 462
607 316
-98 -352
-170 -947
-928 -142
-329 649
-187 -416
482 -264
904 -272
-721 272
-999 -23
107 423
-719 -182
334 338
-686 -37
-631 412
96 -756
56 -243
876 497
621 -727
542 550
902 -205
111 -232
-875 -811
-451 -291
-452 -16
827 76
-292 -983
-573 -546
464 -74
56 -917
326 752
-2 -730
-651 111
295 -255
872 721
-543 -448
-376 -411
628 -111
919 927
794 -266
48 354
910 582
927 940
-621 -603
927 -71
-225 -864
-33 -3
464 385
-81 619
554 -709
-93 83
531 877
52 136
271 174
-960 726
364 -486
442 991
5 399
-792 487
-640 92
644 234
972 207
-386 -742
-446 -738
-420 246
-457 482
-514 561
-329 -498
-313 -687
-373 911
188 -391
-174 -748
523 812
-402 406
165 -34
-199 880
587 113
731 -908
-819 238
-961 16
-994 491
66 544
436 -439
-914 -370
14 -29
895 -556
100 -917
-977 620
675 611
-586 -394
820 -63
-947 773
-480 678
338 307
746 692
339 118
-421 197
445 -878
-465 -702
8 -297
-422 23
-886 618
-358 -131
682 -794
-647 708
69 -945
-352 201
49 14
342 -510
-225 837
-240 546
799 113
920 310
-665 -117
-465 197
759 -583
777 -953
-350 765
-309 459
552 705
-967 741
731 -177
112 840
-124 367
-349 -533
-703 -636
-561 193
633 410
831 433
-885 535
-40 24
-977 -342
-310 129
-20 939
-285 302
-546 262
67 -507
-301 949
-285 -448
513 91
608 327
-504 809
-828 -852
258 886
-557 -372
925 206
24 -266
-556 -938
-51 -528
-572 923
552 -450
469 -828
-541 999
-741 -247
953 -834
-623 -247
267 -289
735 -659
-470 -294
-804 397
909 -97
-808 -502
-739 -891
740 384
498 535
-994 154
-35 -866
492 57
402 -449
-213 -241
257 -576
-165 -128
644 93
-84 180
-330 975
-754 455
-786 -506
356 -554
-991 -311
853 -16
154 368
288 502
89 -66
-205 -867
-446 735
62 -190
-512 241
-654 -304
327 -59
128 714
-715 -272
-363 464
51 -288
-226 -307
-899 573
-735 313
878 825
-195 703
-643 -76
304 282
848 -70
782 -458
-489 610
693 -130
537 493
392 -334
-998 -112
976 -237
50 596
413 -89
-20 -780
-954 -142
993 876
957 777
82 453
486 291
508 -236
380 -959
774 -274
-358 -747
-729 -971
710 -565
-51 900
-98 854
-949 -171
327 -836
-471 242
-784 691
-817 81
245 -626
928 634
-288 -942
-616 462
-227 844
-535 -774
-683 -17
-919 -677
351 423
-701 874
-573 289
-928 48
-379 981
-226 -845
634 -464
942 -509
628 -627
953 -949
357 -724
387 -450
-292 500
844 458
782 -844
300 -664
-946 -438
236 -435
342 -596
-790 -525
-280 297
481 -333
994 -404
430 398
936 -378
183 -549
-792 -328
-351 236
-361 -906
-657 -75
490 300
-491 -253
441 -568
-140 -178
-256 375
303 730
-74 611
-380 458
-871 -423
568 568
952 -72
-768 522
-618 636
62 806
563 895
-228 35
-470 -742
-102 -991
-620 -542
328 -693
488 -44
500 -612
-615 -273
-267 -249
-695 300
309 334
772 874
305 -507
-733 -840
-81 -231
208 -381
-300 -385
-603 -360
-458 -793
33 -759
-102 906
578 -828
-241 667
-509 25
146 684
-710 698
77 -484
-783 919
366 482
-638 334
976 114
-104 -622
-679 913
804 -81
-824 -853
-675 373
848 60
316 -300
287 -214
-546 794
724 -42
890 442
476 -260
184 323
-38 -34
421 186
-865 -650
-961 793
268 547
37 -157
-976 -733
575 -528
-972 477
184 -594
-382 -596
53 592
-735 -86
477 868
408 789
-669 676
-83 -661
443 -640
196 924
-199 964
142 286
-411 45
354 -192
388 -390
916 -557
-838 -502
437 -592
527 -102
430 132
-487 -109
-34 552
469 -125
269 -421
-81 -760
-260 429
999 22
-322 -904
-363 633
927 -698
12 -913
195 -743
-667 -794
259 -565
-490 -183
680 157
267 -581
-211 819
906 -131
6 977
848 -495
489 -684
-506 572
-81 65
-719 629
-907 -247
-234 -195
769 202
202 931
-157 251
-647 -233
-962 603
392 675
-849 152
730 545
105 52
698 -96
401 -800
272 701
632 -105
491 -679
733 987
517 542
-174 493
-977 -9
775 218
82 -487
440 -614
-881 860
-825 516
-567 -342
581 -64
833 586
367 -294
-827 227
943 -588
373 -452
191 241
160 139
185 -709
-55 235
586 -102
635 800
-550 698
515 -19
89 -539
-381 -694
-602 938
287 -242
-939 868
-998 -815
-887 699
-539 107
-820 -436
-197 336
529 -456
294 -655
352 -536
891 873
-200 458
273 -241
-135 -648
574 -248
947 -947
-744 -23
331 -217
-602 -526
718 644
450 -888
-100 771
-889 -92
192 230
-385 854
-210 -869
-871 -416
-141 -275
199 -196
-438 -893
199 -307
-821 67
166 825
405 479
119 943
-385 692
-709 -244
-874 -49
-345 -775
-570 227
603 -508
-684 -312
923 700
-240 690
-309 458
146 835
-480 210
34 12
-346 301
-423 -388
-719 883
968 -512
-574 -639
726 424
352 -150
-180 -260
881 657
818 -320
137 463
397 517
623 129
164 784
413 -585
262 -485
-122 -902
-680 692
569 61
-893 630
5 81
578 437
-725 -324
-523 -542
156 195
844 -955
771 -65
-415 -824
13 582
130 930
-973 904
48 843
-365 713
-251 -182
-806 -32
-134 905
192 -20
278 -215
723 -990
421 -358
-657 -846
783 260
353 501
-333 -823
-792 226
79 -713
424 -393
-697 749
-852 990
351 919
653 873
-305 -763
-127 -190
472 -119
-319 598
191 -537
356 -602
-870 -544
-82 788
851 -937
-829 677
790 -839
774 737
113 -906
-660 939
787 -435
311 120
442 249
-872 927
611 558
-780 -39
-140 -840
894 195
236 921
-525 805
-581 589
-542 45
-524 -218
-612 320
339 480
-729 -810
-966 876
217 -585
-674 12
-367 -440
-388 -751
-560 895
328 -833
654 -927
-328 -445
764 -933
-88 -477
261 263
-128 774
-988 -712
773 508
828 889
97 -331
-370 401
29 924
212 826
-127 748
7 -333
670 159
203 870
245 -337
-962 -203
-194 -125
-263 -750
-202 337
-932 54
193 -525
282 -92
-356 -473
-900 647
-73 228
894 859
-381 -894
213 -593
-563 88
757 -227
-390 787
-61 187
178 781
365 -596
382 565
-900 -452
999 -904
-778 944
403 612
278 -348
312 -691
735 -9
378 964
-199 943
-431 59
100 -931
320 -351
8 -221
-740 -622
131 -266
-145 213
810 632
-956 -70
-867 -361
230 347
710 209
453 72
-15 228
-753 -628
153 772
-479 26
-852 -390
338 248
-459 87
-858 -961
-130 797
987 749
-754 109
-198 549
558 212
-831 96
-6 269
-736 156
717 -234
-860 551
-32 -133
-789 -258
-798 1000
611 586
832 877
21 -738
712 787
988 96
439 824
97 321
-963 26
393 576
656 458
-953 161
586 903
-696 -480
-388 -715
-832 966
281 315
-376 345
-722 -214
392 535
-665 507
237 987
150 -388
896 -389
-29 576
-9 -355
655 988
-52 -257
-932 500
14 -849
-931 941
-264 342
-653 311
-631 -429
-652 100
-352 924
157 -747
-26 -779
-226 427
-998 -693
195 678
456 -303
-165 -324
937 505
60 632
-562 -982
669 978
-669 -980
-134 -581
370 -830
-151 507
883 -729
14 153
951 -739
-125 -684
330 -249
-545 -238
193 10
411 127
-748 -828
933 -451
700 575
772 92
-151 -881
84 340
-905 390
-795 194
156 856
-503 -563
-623 563
-684 -894
173 507
-869 -880
-683 873
801 646
-326 298
951 -831
-359 547
317 -442
-512 186
143 -509
-360 357
-610 665
-52 99
-870 -774
-514 -106
-642 -85
-119 -891
-684 132
4 -738
-32 -778
415 134
388 -946
684 -237
-594 365
54 -366
864 201
24 384
-404 482
42 -539
964 124
276 -41
-186 425
509 -856
175 -898
-430 709
189 843
-975 -670
103 625
789 -21
-751 496
-361 39
-259 -805
-725 -988
-183 245
456 -128
-400 -810
613 53
-232 -587
-530 -553
587 934
773 325
-391 228
-980 347
-979 46
-6 -320
189 414
285 875
-787 -473
-12 8
442 -366
1000 484
-644 690
-931 851
649 41
793 -741
217 -478
38 79
-973 -610
123 341
-326 125
456 864
-61 -23
795 241
-809 966
-415 -514
-416 -361
288 -356
-928 438
-154 -282
-213 -829
-751 596
-749 2
-59 -427
616 -314
524 759
818 916
991 -54
-382 -813
-217 96
355 -95
-5 -980
773 -114
202 256
153 252
-593 493
-420 -298
650 -235
-772 525
-199 419
-131 -548
872 -392
477 444
-916 460
-695 393
953 583
363 -896
29 -990
278 678
-447 -341
49 238
893 997
-88 -71
-138 -432
271 712
414 -112
-348 -427
725 781
-780 -582
-183 256
-840 -590
987 -267
-747 508
-919 -957
-755 -28
-938 -454
281 525
866 -531
846 -337
571 -219
695 486
-953 -3
-219 -297
-672 -978
451 -427
185 474
392 -974
219 -618
-448 352
461 -540
352 -456
-885 34
861 -170
254 -324
418 -608
818 -78
546 -977
994 674
907 781
516 -374
87 549
382 655
-830 -149
-463 -972
628 -951
-95 -255
-369 -913
-65 362
151 185
13 184
-232 -4
-354 106
903 -897
-663 -179
-149 -569
248 508
296 -405
-965 -807
433 158
937 -285
-110 -998
-861 -888
658 -336
18 560
-899 -73
-117 626
325 41
25 485
-226 -446
-95 783
872 -59
722 -406
-745 -487
-391 -195
590 -310
-851 731
-363 914
550 783
-432 493
-7 -2
-814 -884
-184 823
457 -702
-937 822
-751 158
471 87
-858 419
457 573
-917 -105
637 388
159 -309
281 -302
928 525
603 397
-931 215
347 203
-400 -881
148 -358
656 939
-453 500
453 -502
650 -593
-47 -619
-293 -663
83 -43
-187 490
599 159
-176 -188
-364 -812
-829 -664
301 -399
794 -143
-268 -942
697 -797
-644 -283
363 381
292 -355
726 -837
27 -71
-154 -289
925 566
-627 913
32 843
-565 -479
602 677
342 616
-69 575
-147 -620
834 -220
725 -435
-848 390
131 -263
-146 165
398 -130
123 -404
-960 -949
912 153
736 573
610 474
-742 661
-151 -274
-562 -91
-447 -937
908 173
-945 -295
-808 401
40 -672
-485 551
-699 610
935 981
-44 -318
445 -951
441 -999
-310 -415
148 360
-281 541
-408 -806
853 889
4 -566
803 12
133 525
941 486
-408 -663
594 -451
642 773
-458 -950
928 -644
993 -967
-521 650
-450 -306
-820 -640
-828 518
-716 -575
769 398
-547 107
419 533
-779 511
940 -949
388 -744
253 272
-641 321
709 -225
278 -709
-736 807
703 995
-892 979
-556 -769
408 -401
-599 -163
-513 -734
825 226
268 -54
286 -519
581 -355
373 750
-260 517
-425 708
-404 609
-913 -391
624 612
-418 532
274 443
-640 994
881 228
344 -150
801 -705
-403 -532
959 -675
248 -387
-503 -413
-964 -919
952 -998
-531 -272
307 -411
658 100
-700 -681
22 -961
-644 83
-716 240
-656 555
-571 -700
-252 583
657 -855
229 -752
322 -388
999 -532
-406 755
939 -388
-203 62
-325 -207
986 -828
18 745
511 148
-512 -701
706 -28
743 297
871 372
-304 62
669 -21
-339 -206
-709 -508
184 -20
-569 54
-642 -423
-512 -927
-281 803
-775 -643
997 575
364 -583
-970 -891
-663 882
938 -355
-694 -356
396 739
-269 -619
418 935
989 316
-665 -160
558 467
634 573
816 -45
-210 -344
599 658
-737 444
827 -320
935 -349
608 -224
-290 111
-107 -998
732 -450
-257 284
-181 -373
371 923
392 564
34 -136
493 340
475 969
-780 878
-889 905
261 350
688 198
-816 -528
106 -84
916 478
-702 -489
-370 -116
-445 -900
-520 66
277 -16
989 -156
-641 714
271 58
388 230
776 -724
-503 -61
893 501
344 -583
940 -548
645 -670
985 343
-199 -181
-274 -16
-56 -606
-591 -995
100 782
-229 -624
123 487
-69 -729
658 422
896 -892
465 -924
-562 -586
49 869
146 229
-814 432
588 -790
-896 451
-729 -229
71 -25
329 215
-843 -349
610 160
618 -875
-605 853
-364 -320
960 479
-226 -187
226 -977
-956 564
-286 -645
-620 -15
-229 635
612 -47
-441 760
-367 638
-626 108
-515 -30
472 -819
392 -69
297 531
845 -383
-432 228
307 -963
564 -364
-536 -619
-78 551
211 418
-804 -179
-645 -931
24 -195
-811 149
-538 583
-59 618
84 515
533 -479
863 -572
-174 -391
641 -197
361 386
-949 -513
-808 22
381 48
-491 -658
-185 -797
195 -94
428 -319
-617 -996
-45 -377
524 282
766 221
-915 582
340 -804
-44 79
-497 570
-37 893
-197 -735
-2 849
291 -388
713 561
536 22
-475 -836
209 274
116 -6
-86 -956
-715 571
-788 -180
-114 -403
-702 -278
-688 631
424 639
831 118
903 -475
-312 786
804 -31
-13 318
923 -268
-5 795
-888 -148
-331 726
224 -274
74 626
-658 934
874 -421
798 551
252 -878
-392 167
-808 -580
-792 -95
904 -800
-377 -270
-340 -136
790 -397
131 -1
-613 -637
-905 -398
151 -238
563 168
-277 711
340 247
187 652
-182 928
821 -948
-838 588
-120 495
-921 -535
-524 -660
-223 121
-18 -563
-748 957
-636 151
-351 -695
-259 665
269 832
846 -974
145 579
-880 -299
-691 926
228 692
-597 -525
756 -549
945 228
-802 -613
-785 -627
-624 -822
-941 -114
742 405
-99 619
-561 -470
-177 -451
237 723
-25 -183
-719 691
-807 351
-876 -734
589 399
-120 777
-333 -81
724 -630
-194 -955
-569 -675
239 91
828 900
976 -573
780 615
-803 -736
508 72
309 9
620 -545
43 213
155 959
-827 40
569 381
988 625
-528 927
28 -880
459 357
-969 15
586 -191
508 -694
-75 -292
482 288
561 707
967 235
571 -609
-476 -770
-203 -72
973 598
-132 -78
647 917
-338 -801
-482 -401
160 403
-436 -456
641 -881
50 -432
791 718
-279 100
117 -469
190 723
-340 -164
681 -199
-700 -644
44 864
-480 916
-140 -341
-232 -39
678 -76
-272 -908
386 975
-193 195
499 -834
-47 -398
-645 -551
335 385
374 681
-531 9
607 341
352 311
579 -872
979 146
-458 438
-844 245
508 714
-770 -137
-993 -52
775 670
33 989
747 239
-270 -994
-699 -386
-855 141
-119 -913
-281 -31
-111 -765
538 945
-243 319
-305 -308
272 453
-145 -841
-276 -403
-186 -21
704 472
647 -78
-393 -727
-674 -292
347 8
37 988
998 -337
-907 -428
-564 -721
431 984
-897 -242
907 -3
-955 160
-485 -283
292 -1000
640 158
-50 605
462 517
701 -557
684 -659
379 -790
-829 -983
-173 3
262 -426
194 46
-289 -324
33 -807
-524 962
-790 146
734 607
-934 -399
266 -579
925 326
-311 320
-58 626
553 -178
532 472
146 111
-915 -466
865 653
961 -796
613 723
952 -596
805 -10
340 -82
635 -384
-193 -185
-359 -750
658 101
491 -407
-255 353
30 -980
681 45
352 757
-853 -375
819 443
436 -288
860 -792
-169 -340
-131 411
-896 -774
-205 -953
-427 407
-167 378
-609 -189
419 103
782 -446
111 563
-155 739
151 -738
-671 -829
68 -751
-684 -704
-918 692
-793 415
266 865
845 -1
875 815
767 789
-935 307
-863 910
-680 -797
9 -430
-901 604
-348 478
-836 -39
-237 -558
391 -799
-319 378
-974 -433
149 278
-495 -406
-318 -693
-868 566
157 235
-806 -732
-439 -685
54 -979
-345 827
-450 -59
216 631
625 -678
-968 -341
401 475
954 761
763 -835
210 -915
-577 616
-365 976
909 -794
728 -893
42 110
867 -515
-595 286
97 -35
-998 -851
442 -368
-490 -800
-961 937
523 578
537 -633
-913 957
282 -243
-411 -93
844 -766
148 -873
568 456
-770 943
-843 -128
-785 89
221 702
-627 -935
529 -451
942 -744
268 337
506 196
2 421
-990 -114
-359 739
-166 -372
-598 233
463 790
973 -766
-321 -761
-514 791
8 -3
889 494
350 -194
-735 160
-913 -944
269 970
-90 272
-527 5
-28 41
-908 -225
146 -463
-821 247
-986 180
906 -454
-246 759
-373 591
-248 -859
-809 516
-343 -563
788 940
625 710
844 800
679 993
651 -702
939 -106
227 830
826 -315
-717 34
109 -291
-515 -317
-252 120
-450 36
811 658
171 -115
-671 -936
-746 -999
965 133
37 690
-78 -38
-793 272
510 -578
-672 -284
-432 402
217 -567
-747 536
-863 795
380 905
767 -582
832 -540
-300 -334
599 806
37 -894
-856 184
-808 -46
774 102
82 654
629 -835
292 -944
-470 -235
266 -896
137 -922
-371 192
-281 -702
-618 -765
-672 -992
20 -724
582 850
712 -693
-132 -311
-983 -284
-489 -948
303 -603
103 -41
699 707
-746 766
961 312
-957 377
-754 830
787 100
751 671
4 922
631 181
-317 -461
260 -586
-985 -35
568 -748
679 355
-203 -44
334 816
667 -113
487 -155
118 -100
448 34
972 -408
-969 -706
36 -676
127 296
-485 910
-943 384
-834 290
-653 -872
-734 652
35 -784
30 -924
-84 470
-761 -215
-440 376
191 904
-4 100
716 -96
-308 -884
885 126
-203 230
953 790
-569 104
109 640
7 -587
-962 218
977 -868
-28 -750
395 169
-549 -282
415 58
171 974
-352 233
45 41
406 -895
81 -294
-687 -400
462 195
514 80
-9 374
-624 -934
-599 984
-261 374
-281 -350
183 -450
552 673
-310 -211
276 97
-78 -175
385 -282
431 967
881 592
641 -480
445 743
-239 138
822 175
826 162
395 -387
304 -106
-637 690
329 999
895 -287
289 -555
15 -837
-879 -155
-49 88
-992 -134
170 209
205 -710
511 -433
858 -879
379 -834
-687 -581
7 599
674 816
-327 -444
708 631
988 -480
604 672
-649 563
454 -405
-303 865
188 354
-790 480
930 763
938 798
117 309
134 779
-376 -726
1 690
140 -463
-306 -53
-255 693
930 989
880 144
-236 151
550 -183
623 -376
-956 -204
-614 -564
-17 739
-858 1
172 370
26 -802
716 -342
-322 38
-956 -278
297 763
-870 -236
159 5
177 -926
370 -56
-393 -581
854 860
-286 -156
-452 -168
440 -348
328 -802
822 105
-817 275
-298 -735
-793 169
788 -263
180 -584
-29 756
-725 -963
907 314
802 76
563 -565
871 -254
-284 768
-988 -594
-95 -750
-544 17
-498 -230
975 840
-59 246
-73 39
-74 -939
511 636
693 -972
-709 449
830 -690
355 960
69 -145
-48 608
351 -578
903 -515
-815 -389
-166 588
-229 -586
583 873
-549 -553
-508 806
-402 -130
156 -547
-630 -400
448 -242
217 129
-416 -481
-658 206
-971 -26
597 -968
-260 -141
-972 473
782 16
145 -22
-986 604
-896 -466
-887 -309
-511 970
751 -621
482 777
252 867
-566 -903
-127 -113
183 803
602 -475
155 -258
-351 -633
941 -786
336 809
-522 858
-335 -21
289 -378
291 83
980 333
733 -718
-473 346
-18 453
-307 942
955 25
325 257
-747 658
-97 -356
-703 854
-474 97
-626 -761
-417 80
-752 -9
111 897
-394 147
-211 977
-777 -715
-462 339
-409 581
-135 283
54 -256
751 337
-340 834
-702 -653
594 492
-135 388
976 933
-44 53
-258 578
-980 -775
-276 441
841 605
626 -752
772 985
313 20
759 603
520 -678
914 -851
-548 -604
563 -729
-499 400
370 -592
509 537
-249 712
-955 -675
597 -616
-532 -153
-586 122
-227 929
-589 948
-864 -165
-583 -845
145 255
94 298
356 -807
286 -662
668 205
-791 966
469 334
-368 -557
800 283
876 14
-92 -571
-191 -919
493 -824
-790 -279
-673 417
-943 325
-173 809
444 337
-300 -999
-991 186
891 568
-757 744
-179 -998
-145 -726
-333 685
554 -324
288 828
608 673
861 49
554 715
-303 390
214 837
328 200
-520 -53
-760 336
-337 782
147 -142
660 -103
-571 -245
893 -130
662 172
-530 676
-719 -949
-858 -585
-806 -793
362 -713
531 -534
37 770
-869 183
-6 149
-689 -467
-451 -34
-513 240
-486 508
-234 367
530 -902
-275 -272
461 199
651 923
731 233
533 403
-462 89
781 953
-46 -786
491 -554
-852 368
-188 927
940 -868
756 -165
-364 -692
-547 371
-871 37
-796 687
-975 84
602 136
-913 754
-290 -546
-338 232
-706 -250
-371 417
-254 351
658 -936
947 -271
535 989
-816 450
-835 949
-526 292
-995 -202
99 31
170 318
-958 -429
-384 -117
959 -617
-202 181
469 467
-819 141
-886 838
795 -775
106 594
-303 183
338 -789
-807 880
123 961
-110 -999
-200 -709
-543 955
558 845
-26 -34
448 880
-965 -949
-513 707
-657 623
-874 -371
17 -575
651 -671
-44 -343
465 300
586 796
749 832
-252 93
-422 -850
393 -18
-847 -215
-629 -156
-297 -815
265 -223
24 -229
592 -649
932 -944
557 30
595 151
885 -729
769 -445
219 251
-719 -832
557 175
-408 -609
-977 417
314 -161
784 -434
-565 569
-936 349
-750 910
-238 -421
-113 -704
-522 -188
828 -709
220 -6
494 252
410 -427
-367 -888
722 419
-858 -97
-885 242
617 280
-507 -226
881 403
260 114
887 157
-560 -291
9 950
-263 -889
658 349
726 -548
477 633
-11 551
294 913
353 -225
899 -39
183 -720
-53 779
-291 936
14 -749
-265 936
-62 586
-208 60
749 446
456 -538
-526 42
523 -889
-905 446
-26 -503
-744 -249
-95 236
550 384
731 -589
122 -219
-339 743
264 -163
-321 -674
545 512
-198 -110
629 314
-314 -537
-598 49
-942 975
-777 56
-117 915
-112 775
905 793
490 459
219 539
-405 758
-211 -495
994 -595
180 870
859 555
-604 949
24 650
446 -115
-520 -108
-907 717
349 261
-919 801
859 600
-859 71
85 -546
321 -475
-501 801
-997 -764
120 162
902 -40
-77 45
619 312
-456 438
-909 -566
822 511
-963 135
480 314
396 984
968 -130
875 -550
-964 65
-242 -864
-815 -979
-196 94
893 140
363 897
620 -963
651 -346
-389 -451
-499 107
-497 749
-93 812
340 -524
-816 -715
-345 -170
-165 -509
378 -596
983 -679
780 -94
-851 -968
718 -519
-610 -597
-230 286
-614 615
554 -925
-787 640
-602 530
-102 506
646 422
136 43
-424 720
403 -796
-229 -730
239 -836
112 -223
-311 -732
-710 362
-153 -682
701 -250
-165 986
-855 642
-958 266
-390 -862
574 -239
-946 -294
221 -691
606 -397
-566 672
963 -517
188 101
-60 390
304 618
-505 -479
630 -656
-490 -271
-70 -3
730 -151
990 182
-322 278
-777 111
-684 -916
941 -787
289 -379
153 149
-741 194
613 -905
-533 359
-787 375
435 723
-564 474
721 -126
233 -795
-241 -717
-614 -142
-402 645
767 996
-448 813
-301 -938
-105 -63
727 346
929 391
-474 497
56 -544
608 194
-275 -757
-978 176
-444 -984
604 -107
-808 -8
-243 -344
-155 -970
635 616
-144 849
8 758
-974 881
-326 965
161 456
-68 269
475 744
727 -666
748 751
-48 -341
-268 -777
533 -608
-469 869
-35 243
-627 -284
78 678
668 296
-453 31
532 271
-931 687
32 -579
520 335
-67 774
-810 589
165 -794
964 722
378 -862
-230 741
-169 -242
908 605
-113 -275
-264 818
709 903
296 -171
-293 243
340 -205
-857 -989
744 -779
-725 508
173 475
-645 74
265 784
800 -958
66 -156
886 451
-743 778
-687 -152
42 -1
497 -429
889 93
468 344
492 -339
878 -508
-767 -70
677 -537
-944 380
-778 265
486 76
508 524
731 -458
584 -359
303 -389
22 482
-155 517
-617 -566
409 31
245 283
-744 -709
-38 995
-720 -364
-387 -946
-391 -106
-249 -585
96 -611
-309 112
-751 37
90 -210
456 109
-58 -419
-189 -905
261 -366
45 229
720 601
427 941
855 293
450 454
-882 432
-111 998
604 235
306 -849
-394 111
-694 259
-358 345
-223 -606
-975 361
-247 -332
-166 961
-136 -879
-534 461
214 369
-515 383
-938 -343
225 892
-850 -651
-998 -531
-917 332
-55 57
-696 143
966 -380
-228 -388
755 -584
541 58
-939 914
579 891
-489 -833
-196 586
781 -92
-965 783
799 -507
-5 -493
-22 213
-599 -469
-79 -625
-886 -865
99 111
-208 -789
-353 157
321 953
395 670
485 870
-749 -473
383 -92
-479 -346
282 772
723 -618
-350 2
-89 489
-37 -64
175 -106
541 638
813 -775
641 868
-549 650
-948 -529
415 262
344 -270
962 -75
464 -728
244 884
207 96
852 107
-780 -512
859 -322
-877 973
-467 746
173 -949
49 467
-330 525
-520 739
-78 454
593 -116
-837 -27
-328 225
453 -991
305 186
-177 954
-467 908
-353 -664
518 -164
313 -91
-665 -91
996 515
445 -765
-817 -178
682 -631
418 93
965 -385
-993 -983
-522 -325
-246 813
-833 880
-842 585
290 -42
882 489
580 96
38 636
-962 -292
-257 55
-861 413
860 391
177 -111
905 -966
827 -168
-799 293
-812 -695
425 -591
-924 -797
962 194
-81 553
770 -188
589 -896
250 -459
935 181
-462 -891
272 -10
-570 -638
-946 117
517 422
781 -167
557 933
338 689
-95 370
184 -616
-308 606
969 529
-930 862
-79 -764
544 -105
-23 -404
80 -570
-914 164
948 -332
826 937
972 499
-84 293
88 214
-838 -400
484 -630
866 989
-627 623
-767 -399
-803 875
-711 352
748 -604
-536 -974
-575 -822
-339 -54
-638 -444
-147 928
699 -733
483 -201
134 -479
-171 215
634 323
470 649
-359 789
636 -404
405 18
693 -164
-563 -611
-863 999
855 -430
573 646
577 835
-764 -589
665 -353
-984 159
-954 -29
-224 393
-64 -482
-418 -212
241 403
560 -797
229 178
871 583
-764 -815
-841 -562
12 879
-879 614
-181 -930
890 738
566 317
288 -823
732 -870
231 -899
366 343
935 200
-447 532
-634 275
663 -385
-834 -112
-58 625
-287 351
675 -529
316 862
-65 -92
-539 113
-469 -170
587 -256
678 20
338 -513
-294 691
728 309
321 865
711 -49
701 222
559 224
-723 688
169 -9
-467 -314
19 599
191 -555
843 -923
-933 789
142 403
948 -193
370 996
619 -739
853 -221
939 887
-26 738
277 281
-704 416
-690 -2
-802 -716
-458 401
76 933
-392 781
962 898
702 -359
682 -868
451 411
362 98
-970 -871
-525 883
-676 -977
158 -219
-239 -329
37 667
-389 412
350 -724
-290 448
864 206
310 236
-68 970
-923 -839
-733 -934
238 258
-379 450
-251 541
224 732
225 629
600 871
-893 -64
837 646
-727 509
-836 130
-393 622
-496 -555
-662 157
488 80
770 -389
-953 -236
-203 -967
443 -232
797 425
239 -481
837 952
-145 513
-470 -49
-395 234
301 -109
-832 -739
59 -234
-952 153
-927 -715
434 -765
378 -575
-685 485
-519 973
-896 778
231 -10
-430 149
653 -54
-901 -189
-157 923
-774 891
-516 363
-665 -796
300 -609
482 86
618 858
-639 -630
-360 -85
236 201
532 622
-934 -142
468 -112
-887 270
-134 -838
-356 -758
-200 464
516 -79
273 -255
914 -239
-17 97
680 660
-862 -192
191 768
-477 708
-606 400
624 -752
-205 -890
421 267
313 -564
574 -99
772 -435
218 -450
-399 -938
-255 755
514 438
749 679
-232 268
-321 94
461 607
501 -430
-32 -38
-888 191
478 598
558 166
-100 136
-221 -146
-85 333
449 -481
560 -368
842 -979
859 -141
-927 591
730 -993
-301 751
-331 -961
461 -280
703 -903
926 740
124 588
-859 -643
-491 -519
-811 -550
245 -800
237 636
551 606
-120 785
138 -105
964 93
548 412
896 213
-608 -556
718 100
-538 -662
580 -175
940 -904
176 379
-239 163
893 194
845 95
291 -416
347 275
755 142
-559 760
635 996
-815 -746
-554 651
755 -758
794 -9
-198 -567
-271 -139
881 501
384 549
-259 -691
-773 -53
441 692
208 857
-444 277
-918 412
-383 447
-694 -603
-913 877
913 -877
676 -375
69 -330
-596 -586
43 710
839 90
307 125
-799 708
-580 930
523 833
-598 -261
-908 -983
-620 -333
-190 -650
765 814
999 912
-200 492
515 817
142 -158
-883 -907
563 221
-683 955
368 -1
-451 -791
-32 -360
-643 586
349 236
303 719
660 -645
-363 473
-571 -599
-601 826
62 -44
-528 -873
-123 -946
643 -686
-715 -662
820 -173
892 -160
-22 -32
-848 -1000
593 -398
543 -667
611 596
-866 -649
494 -134
-823 516
-275 -993
156 -488
956 504
-119 378
-135 -53
220 -592
-894 -88
219 844
7 -795
426 558
-171 389
-297 -960
-450 -444
851 -506
-271 -811
46 -747
-206 126
-115 149
-551 747
141 -670
-287 886
-113 -702
223 435
372 -255
776 -886
-371 144
457 -976
177 899
604 -307
702 423
-390 345
781 812
-240 80
-404 852
-431 -663
76 -997
-507 -117
-301 37
-920 563
153 -165
680 -37
-469 684
-582 47
179 324
-381 -888
230 -681
61 -274
-445 -25
226 -337
282 583
-857 768
-679 -258
494 574
990 -85
196 -843
761 406
120 522
444 70
-796 -149
-460 -591
-956 874
-517 474
-218 552
268 -665
-959 996
-298 499
-592 533
-622 949
621 -118
-438 -541
-295 -900
939 778
-10 -830
117 -518
-152 3
818 89
-403 376
-545 -759
-856 -767
345 -26
-711 359
-330 -269
-227 -925
42 -73
-39 341
819 321
-471 633
72 986
-840 244
693 -71
-902 832
689 861
-703 45
-881 284
714 504
399 646
-592 -455
-932 799
-290 346
-53 4
327 -683
-485 344
422 892
-348 -219
922 284
153 473
500 768
-3 918
-192 -90
-211 -719
103 357
846 -212
-15 -967
346 426
108 -886
-79 -462
637 306
-881 -994
-665 -423
-266 110
104 775
894 338
-34 173
-572 -566
744 311
-996 528
-439 885
-87 -55
272 -489
586 754
-113 -858
174 -401
-97 277
545 299
383 -598
-454 -747
-643 -996
978 -485
55 -242
-986 -62
-91 -864
-563 788
-616 160
-920 -379
-734 156
-382 169
-90 -410
161 268
473 -719
293 263
-518 -324
902 931
-540 346
-759 -438
484 694
-255 42
-644 -250
857 -855
524 -748
799 914
319 580
-130 276
-565 -286
573 -34
956 687
-481 -265
-773 671
-94 78
450 516
-972 -391
866 156
-84 379
333 -775
-959 -645
-653 -860
781 357
-620 -405
-52 804
748 -789
757 806
739 487
-669 826
365 -340
-198 -76
-319 528
226 257
-354 310
363 -529
-277 -282
-809 636
735 -508
548 -828
-377 947
172 -577
-522 968
-987 -638
473 -343
911 -175
262 358
753 -478
927 -915
498 -34
294 -443
285 -429
780 965
-450 -484
475 -86
124 -262
684 105
-10 224
599 798
-716 -606
-358 323
-332 -853
-121 626
703 812
132 -893
-533 818
-18 -446
-324 38
-803 69
379 -739
175 -678
612 362
600 -418
-333 -375
-775 -354
633 -175
-561 -990
414 -277
196 -326
-983 624
556 849
-460 -122
-357 964
-590 609
-602 850
780 -448
-706 899
-889 59
-373 -606
904 -533
-890 -630
-406 -921
931 -685
-476 -861
-868 -167
-280 -17
-65 -182
446 283
495 -517
982 441
-314 708
295 -861
-514 430
966 -53
-94 -299
-361 598
-409 377
146 222
-75 -206
-361 967
904 974
-298 -423
-188 393
-39 977
-321 -846
496 -449
792 -814
-507 594
-164 -266
424 -495
395 594
993 291
-539 -123
539 123
-942 514
913 930
-329 628
-805 -150
-218 -798
201 912
-433 647
-171 -826
-523 593
-613 841
-210 -862
810 -126
-982 -984
-346 777
-604 745
-324 817
697 868
-332 413
712 627
359 208
586 148
752 -711
-257 -162
-468 572
-573 -380
564 -367
-186 594
-518 27
-552 103
-616 911
-831 -731
354 -605
-710 -848
733 -636
-254 581
107 665
10 -34
479 701
903 207
279 721
-559 -537
-59 742
897 18
967 -749
555 538
17 -875
-332 -919
-573 -717
-42 -633
419 -434
940 -903
564 651
806 -969
-769 248
533 400
-305 297
-299 -8
-997 -99
404 -230
898 -365
72 -191
-966 663
-106 113
322 44
-257 226
552 773
-424 509
906 260
-383 269
310 -335
-533 572
-932 41
754 122
780 -412
-242 -294
-681 472
-485 -644
-446 787
901 144
-62 -152
85 93
221 -416
-765 -971
19 -690
236 -302
-330 165
-865 -713
304 -583
-446 -646
639 619
753 -781
-363 -294
-635 434
298 409
-49 -533
291 976
286 -921
-921 -617
154 376
49 614
-235 -127
515 -630
80 -262
623 913
918 505
-115 -596
171 804
-482 309
-101 -683
-740 477
465 519
-643 683
510 17
13 -526
295 767
790 167
-975 -105
423 -778
-338 -158
761 -861
-152 -944
-186 559
-69 981
789 358
-410 913
-893 -788
988 -725
-910 923
-296 -967
105 100
-12 -408
552 677
256 98
512 -297
254 -841
72 -97
584 -141
-926 342
-980 612
-996 -357
419 -261
-344 100
-271 530
-162 396
-34 321
-949 -179
247 296
366 -549
-103 -774
-548 78
539 808
39 28
615 -3
963 920
229 894
-662 101
-989 89
340 -702
-60 -764
-248 693
295 -763
224 -240
110 -861
192 603
-260 767
-47 -855
194 489
-987 877
-50 6
-38 -62
-743 -895
-97 884
-362 483
-950 -833
-505 46
-937 -162
-829 74
-325 874
-748 137
494 686
-633 -740
-574 132
304 754
397 -510
623 727
-539 -180
-946 -148
682 -11
-308 318
446 -313
-42 217
821 -804
236 327
-160 760
942 -863
-649 -690
-812 604
-554 284
272 141
861 197
386 157
223 -380
-499 -429
-996 173
189 -583
-228 -595
169 -538
-15 -849
15 -330
-903 -136
635 -526
525 656
376 783
-751 -458
-571 -64
531 -586
-51 894
669 -443
-292 -644
667 -656
63 859
906 920
-393 -811
-192 28
-977 -37
-996 -257
-99 797
-201 470
-380 -60
987 -461
807 217
-799 101
724 -887
428 618
-508 637
586 -225
-192 826
365 -955
485 504
-683 -117
671 -652
926 -973
725 658
392 90
1000 399
387 -668
827 -809
-656 -304
17 691
784 -919
-782 -250
537 -594
71 -438
677 480
-532 -483
213 -948
-464 242
-186 -795
811 358
-634 51
744 771
-442 551
-502 -53
873 673
247 880
553 -62
-679 -295
-175 148
501 -87
282 -859
-924 282
972 -419
97 984
-460 -618
687 921
131 -182
-269 -82
397 155
65 -57
-540 -203
-999 -810
790 -738
-881 44
939 873
-575 465
575 -465
539 -563
312 -946
825 -261
273 439
-765 688
-165 -737
-849 -850
-208 615
-795 574
953 850
844 825
-757 -490
281 77
-333 706
533 -346
166 868
350 -637
-859 -697
306 539
-16 221
-488 580
-25 913
668 -659
368 -942
286 248
-107 -589
-132 -770
0 -437
536 354
-898 -411
863 887
-375 517
898 -483
736 -32
293 998
-85 956
276 -452
161 92
569 -920
-110 -171
651 -313
-980 -997
621 739
-70 438
876 -487
926 -612
-632 947
331 -843
38 868
766 -276
-799 355
-416 940
913 -843
956 622
-808 -457
-956 -618
-102 426
-99 -487
282 525
-583 -841
-844 592
-198 -491
-416 -448
895 -152
716 110
109 194
-677 -390
-816 361
-562 -584
190 797
-598 -142
-925 -728
714 923
531 195
-435 -88
467 361
-692 153
203 355
-384 -174
-464 508
69 263
608 583
-990 -147
371 483
676 128
899 483
-365 -813
944 712
305 2
826 -417
966 313
858 -79
-1 -994
-19 -962
-7 547
261 855
23 920
627 -407
54 -425
-876 -458
112 611
-371 -176
-815 831
-497 253
-399 247
464 -117
867 866
945 988
-259 819
-859 -820
489 488
951 194
665 493
-297 -977
647 -15
-348 511
883 -118
548 414
723 -368
-305 296
580 -286
885 876
257 -30
-234 77
512 -615
-350 -600
709 -47
-440 -970
988 538
441 841
-100 -206
888 -354
797 60
-602 -152
534 773
891 190
865 -150
729 -342
265 -851
-846 -650
425 -652
485 786
-553 119
469 253
-670 867
-203 301
-862 122
948 333
-695 -978
905 438
-244 518
443 -685
321 815
-285 -654
787 950
195 -867
-792 121
-361 -923
-588 -702
855 -618
69 -665
370 987
-844 -524
810 396
-961 396
920 -616
-748 -440
-749 -649
-656 760
-990 -143
-165 -810
735 842
-746 -659
339 29
-112 799
54 752
-694 652
575 866
230 401
-30 358
392 -212
-709 -77
-264 -326
-70 -507
-698 -958
177 -903
-41 -645
976 -244
772 -921
-750 -906
-833 -976
-427 29
-650 494
99 -536
777 -517
362 749
327 621
159 -336
-430 644
-650 648
871 604
-195 -7
855 443
430 -533
945 -109
-993 -696
-543 182
177 897
-550 937
808 969
-306 588
-933 -752
-906 -342
-200 991
414 961
916 259
282 -451
298 38
-478 564
-148 639
910 289
607 -394
305 -979
706 -604
-338 -906
-8 -780
-208 -596
737 -839
-219 646
69 -249
411 -461
265 -823
-591 -929
-292 461
269 -918
327 215
-529 401
-297 202
925 -553
60 289
351 866
-227 312
317 206
350 -39
-530 -67
-625 204
947 -996
762 54
847 -982
-643 620
-142 19
514 -852
-572 -317
-14 92
390 912
740 -437
434 -401
44 531
-632 -802
459 -95
927 344
-311 964
-639 -68
-968 449
-911 48
326 849
681 358
-854 457
601 -937
-834 908
-39 452
419 -819
-486 -9
364 -692
-1 -938
-178 731
426 750
794 446
7 -987
-99 728
-871 -190
529 955
696 -759
691 -781
725 -901
426 -249
604 392
881 789
-846 -503
756 115
-814 575
-996 -550
-337 -219
-926 -335
591 -486
983 -239
267 -827
613 295
462 365
-314 131
665 -499
-87 -66
-140 690
-817 -435
821 347
234 519
766 -489
927 -49
-192 -412
-380 -172
783 -912
329 902
642 721
417 -575
367 918
941 -243
404 -958
-358 -893
60 641
-761 28
762 551
-412 -2
-195 -688
-640 219
-567 955
-60 -632
279 -185
-779 941
545 853
342 -682
-931 617
340 -76
66 -565
544 -185
-961 145
407 227
-900 385
-273 -251
621 -182
710 -475
991 481
-938 -765
-922 -668
317 -132
-740 -673
-316 233
969 643
-127 -239
-394 782
-998 936
389 -998
757 -628
495 760
-166 -556
226 -779
468 320
787 -81
-643 -126
-285 787
194 -446
389 -196
-867 -540
-889 -56
970 785
-404 -921
520 576
349 500
-798 789
-362 -99
-669 248
448 602
-340 -608
950 -340
841 917
269 612
670 -36
926 286
-826 241
744 -393
-387 889
872 731
-258 583
51 798
788 -358
162 157
141 -681
-671 90
258 872
742 768
182 -142
-896 624
-218 -104
-145 925
-237 -842
-436 -981
561 -444
172 -477
263 526
115 -814
-591 115
-160 313
125 -364
365 -984
270 201
714 -394
-107 402
876 -343
-838 140
638 -474
425 -626
-421 629
-365 839
-36 9
769 943
365 198
265 -848
773 111
976 373
67 -772
-222 837
495 -763
14 -676
-210 740
351 -978
174 647
87 -971
717 531
-631 921
277 -722
-968 957
-36 734
-182 -783
917 854
-669 715
-189 53
887 276
-210 -570
311 -721
930 -680
-421 -266
701 80
385 -970
-374 -380
-447 -778
911 -928
-635 143
-350 847
-146 471
-605 952
-678 -497
-187 -438
267 380
-220 881
-807 57
346 -926
817 -660
-757 -459
-100 58
-463 -338
102 176
-926 -604
289 629
324 138
34 432
622 -304
-20 255
-289 -744
224 925
205 266
-100 472
-188 -576
405 -978
46 714
512 730
-954 904
788 383
-448 781
-521 -670
-707 801
-155 884
-479 518
-814 -717
-958 611
-506 -874
-603 -266
-177 -700
-870 462
533 -131
-471 156
-253 85
181 -504
-993 -681
650 90
-115 255
-284 -716
-604 -771
-361 432
-807 -226
-21 -731
425 418
-11 955
497 135
-82 -537
159 685
-346 -936
-570 -776
-750 841
-837 104
-318 836
-352 988
981 846
295 -669
-177 -840
-124 -215
509 -376
-610 -684
-800 979
-734 194
-156 619
354 221
-560 -379
-280 -51
-994 128
-199 696
-586 357
-782 858
679 281
-312 -322
-657 65
-577 505
835 551
-679 611
933 158
969 -742
-107 249
-524 597
-835 -694
454 2
143 541
643 265
-666 -682
-938 -693
57 -534
643 -583
587 -469
-575 -911
316 -952
826 -738
-342 791
530 -267
86 -191
-527 -601
-767 -102
182 442
29 -181
-764 80
-835 342
282 -674
-276 939
-800 -1
-841 -115
533 909
-506 723
-221 -241
-23 -959
575 -188
926 692
-582 -202
-604 -306
91 -218
271 -982
-842 -365
673 -823
850 -728
-594 322
-259 869
-440 826
-163 614
92 241
12 -754
928 -519
29 704
-12 -406
343 -17
513 -4
16 -614
-333 -76
413 -801
-673 634
793 300
-965 355
935 450
6 466
998 422
-678 -548
387 -515
-116 477
-573 410
-935 809
182 -299
-721 -222
889 -238
-903 504
-183 919
649 -666
-406 195
847 -271
485 676
-179 -329
179 329
329 596
-931 659
407 -777
373 -227
869 526
155 496
841 -392
-822 829
-761 -556
-388 -366
752 355
203 349
187 560
496 417
-96 586
455 -330
377 -277
1000 -744
-499 -627
-468 849
-407 325
-808 490
199 -146
-604 732
165 715
704 19
409 185
-868 246
-230 -289
-965 -918
-165 433
-16 981
-53 219
509 233
651 -896
922 232
-318 -979
740 -199
-186 664
310 -922
-288 958
624 504
-325 -279
-488 618
507 -509
466 -745
665 138
780 -715
462 -726
962 -474
-283 -815
-219 434
-216 -65
823 937
774 375
-148 9
159 289
110 433
-185 -864
-105 31
242 857
-741 -369
391 850
161 197
87 67
16 576
751 168
-49 228
-970 535
-677 -940
-582 381
-954 -895
257 -215
180 453
-623 -83
-751 -912
-624 -392
-110 -2
-249 738
-315 -828
-496 37
-657 -711
-881 -289
-801 922
717 187
423 816
-885 21
285 783
-290 -613
-610 -596
-972 -73
653 -94
374 -745
281 920
-166 598
993 -402
254 -260
31 -969
312 770
-544 -862
202 -88
161 -874
-751 -580
-942 -623
-667 435
653 710
321 869
394 -928
674 -712
499 990
166 -281
-347 869
471 -815
876 32
-397 474
544 -474
-335 -509
-357 -661
50 127
-199 67
291 -732
-161 671
892 -315
338 -852
-347 583
-531 998
537 736
59 356
150 29
923 287
-208 -269
540 -761
-796 -513
-861 -39
428 -736
777 -138
-170 144
721 -140
103 164
257 202
157 -7
-352 -579
-219 453
-21 -4
901 -742
811 -876
332 -847
-836 440
-963 166
357 11
-287 -722
-219 -40
380 -893
871 -898
206 800
-67 -124
-376 -496
567 -28
313 30
42 676
-993 -654
318 -605
778 112
594 -197
-751 -61
694 -377
215 -352
185 84
-60 -840
851 -223
448 -557
-170 -145
-578 -312
464 380
262 707
257 -858
-380 -296
-893 516
-648 243
-146 -57
-200 -134
494 411
701 -957
-473 637
-678 -935
529 -91
-593 -755
-334 527
-667 70
956 -905
-554 815
-783 501
-190 578
-61 122
-763 -190
-587 79
-340 192
965 -565
919 171
-886 172
-981 -352
-458 164
255 89
787 525
-1 -301
443 835
-286 -653
-881 2
-641 -910
-472 -714
-753 -674
-774 -868
192 -698
-601 -342
-442 973
-666 813
-666 -412
-57 230
549 365
602 -219
816 -710
906 538
814 899
300 253
447 638
672 936
-609 928
-358 -13
971 -467
591 87
-654 -665
-607 -729
591 196
-423 124
488 771
-931 -131
-931 296
-487 -591
103 -581
8 810
315 678
-423 493
422 613
738 890
542 186
-63 -157
565 763
177 -481
702 572
-85 922
629 708
890 836
964 383
-448 -600
-840 -470
-823 57
513 961
294 306
-811 -230
578 745
927 538
-108 -544
969 -35
682 859
-275 -99
-498 -812
390 -692
872 101
-859 -353
717 835
-559 414
-886 268
526 923
370 -848
-791 138
530 294
-915 -418
202 -111
-843 283
834 195
882 -622
-199 808
-435 319
-549 995
256 769
-682 -413
903 821
131 -137
863 -178
-644 60
912 392
273 194
790 489
468 -985
-691 338
-354 83
26 -592
852 146
-356 -871
-682 480
396 136
-198 -8
36 -598
-587 468
709 -826
648 353
-459 968
-838 -56
783 -78
584 -548
868 -149
-8 -396
259 -657
33 856
536 -792
808 -745
-559 -363
379 -68
-30 356
404 848
534 -965
395 63
-532 121
839 696
861 384
-404 -193
244 390
-525 -361
-111 155
604 422
72 239
-135 356
-559 796
595 157
341 733
-163 -777
447 -455
392 613
819 850
-567 -498
-881 -585
-727 424
873 253
696 546
15 306
395 -398
-475 -777
157 -539
-538 935
195 406
-450 -203
515 -288
877 686
-147 -219
-989 -802
-871 154
-869 -476
-445 -964
159 640
952 490
-551 -132
-790 -990
-682 -829
4 839
-482 559
580 -538
975 -108
-801 -219
-86 -77
-15 -65
177 -138
887 -543
-554 629
844 -925
788 -873
286 -747
-709 664
-580 892
260 -623
-134 -740
-326 -380
754 383
520 411
60 332
-664 -80
-959 734
-226 230
443 -768
84 314
782 63
-655 -311
122 -68
247 -937
-139 648
522 -552
227 338
-657 -183
-507 -548
821 588
209 -728
192 -800
-463 979
931 545
-696 -993
175 304
327 -94
-180 213
622 -964
215 -636
-906 406
-683 189
-451 -533
-398 413
-561 -272
-388 198
-77 789
-898 780
347 -390
-468 519
918 250
-495 -821
480 466
244 410
747 261
-620 -523
125 425
695 -330
343 -227
34 -117
530 -870
-944 758
-154 665
-25 -155
237 -523
129 245
-372 443
-278 554
-119 -574
-903 95
-906 973
725 859
394 243
-638 -972
162 119
785 770
-799 9
702 613
-704 -221
-520 192
-150 502
-663 729
-581 -682
93 -837
699 -64
-953 590
508 100
-301 231
245 -649
-386 502
-392 -924
201 -322
626 146
479 842
-465 314
-171 985
-156 -377
262 740
602 219
-513 -700
-452 951
-865 -955
664 314
-546 886
211 -59
136 243
228 345
341 166
949 295
-733 337
790 853
-61 -807
869 720
-561 -743
145 -319
415 -303
223 87
-210 718
-834 -156
539 -126
565 280
348 -685
231 -337
313 671
669 -578
207 483
706 478
-142 339
615 567
-316 235
-45 -533
231 302
963 -543
-541 373
236 -182
-176 109
973 950
723 863
905 -192
83 508
960 -619
316 -911
-892 -846
325 71
-750 219
-929 945
-610 -501
-421 -630
248 -958
-833 354
-521 140
306 308
415 106
506 -267
561 -548
952 -306
-54 -811
404 776
-371 -215
-59 637
402 -800
-181 17
52 -381
-389 403
907 224
-403 156
-209 12
85 815
-718 12
-608 -563
851 -318
-248 -164
-385 217
432 -207
702 513
998 -46
579 470
-449 -685
-438 38
-269 613
102 -104
246 572
-116 23
-367 273
910 765
864 527
304 -220
898 809
170 144
-333 -710
206 626
86 4
216 494
-218 -136
-700 -776
-583 463
661 518
-630 -707
-581 297
-172 -723
437 727
924 207
-666 279
-202 390
714 567
433 -335
863 490
-525 159
210 -746
957 -419
-131 115
273 -149
641 -817
-778 839
602 755
-178 -201
-182 -769
139 -834
463 -908
-498 676
-331 189
274 -454
-822 -849
834 -155
575 917
154 403
-412 -601
570 -530
-64 947
-187 -345
206 423
-26 -203
-852 -91
810 -114
-140 -119
180 -27
-988 -363
549 -580
-961 331
995 591
773 -251
-456 167
790 -997
-123 -794
-366 -668
-477 -257
-633 -219
941 242
522 -44
241 -243
753 -399
-244 -421
168 -938
-391 -104
413 938
418 -351
732 -267
953 589
681 606
-719 -948
-673 -608
185 -201
915 521
-604 169
764 -950
-523 2
214 425
57 -293
346 -348
254 958
-819 830
-310 -896
718 105
9 455
280 -983
613 -471
160 597
413 125
-288 564
-823 -696
294 416
757 -310
711 689
512 105
-245 721
-978 432
-700 178
-610 308
989 -161
697 12
933 600
90 -737
-57 -173
672 -624
-522 -995
-535 134
-734 -912
825 176
-527 691
220 830
366 272
-294 -31
498 952
155 377
-720 29
265 489
205 -912
14 172
-766 610
319 523
947 -153
-807 -808
-44 746
313 -864
-87 805
-308 -681
221 666
710 -304
866 209
-857 1000
443 640
-122 101
-152 -360
-226 26
-908 -970
-130 675
148 -990
863 236
-421 -345
-524 -570
-939 464
-355 -477
-316 803
-99 141
101 838
-601 -264
-863 401
-770 -783
66 -190
467 -595
-906 395
-706 217
989 -965
-714 -126
-878 470
-890 575
-579 202
-403 433
-257 -130
576 482
635 -899
-169 624
989 -803
402 -871
-659 -989
-219 267
-269 -601
87 -131
954 291
-873 137
-386 -469
-831 -763
-634 -521
684 -194
-39 143
-203 561
234 253
673 -840
559 -787
295 430
315 -562
-409 -799
-284 -923
-466 -796
884 -363
875 -521
579 368
498 -395
-721 784
712 47
-750 -745
-456 -270
-580 330
-483 -438
996 -527
-184 543
-519 332
439 749
82 618
236 -914
398 350
-859 625
-706 893
617 368
489 517
-34 -892
578 381
481 -253
-661 -576
481 518
725 363
261 -938
770 -783
912 -181
-301 262
-596 -768
583 786
-820 -456
-378 792
238 597
230 997
-872 -300
-368 716
-666 686
196 797
701 -5
435 147
736 890
406 272
433 470
144 783
-571 795
752 -327
70 -788
-476 -428
-956 -994
577 511
-902 760
245 153
-778 -830
100 700
-502 -380
235 -708
895 -624
662 688
943 -373
-466 -299
-339 -77
733 357
-125 763
272 114
-765 600
-865 -149
477 167
337 -634
355 -29
481 172
-380 333
-656 374
-254 -425
-105 597
-679 -978
262 -682
851 -787
-818 -184
638 156
340 583
-89 -833
-930 190
-449 693
261 -189
-210 -213
-124 388
242 708
998 358
414 247
-50 571
-546 458
54 -930
-859 -29
185 62
884 504
333 334
461 281
-760 -341
-612 867
-678 -578
91 804
654 -747
888 -406
962 177
-22 482
47 529
202 -667
548 774
-644 -451
361 -363
-460 -162
83 869
-959 -206
97 -56
-166 677
324 821
950 513
-782 702
-844 -60
-757 -749
-282 115
-779 569
-834 -102
678 959
683 791
-981 -104
-998 -912
-990 5
-257 533
-790 -696
467 -215
23 351
-815 105
-479 -265
374 113
-891 -857
31 -681
-320 804
758 491
652 -598
-562 724
244 -719
-259 389
-664 122
-585 -615
-899 -237
815 -267
-725 393
869 -601
970 58
723 862
-668 349
598 546
-213 -514
306 162
255 133
179 -271
-229 518
-126 -178
-344 -347
597 603
432 483
-640 -409
-728 350
651 -850
-352 -577
-254 634
-16 209
90 -171
789 154
-81 85
-832 -200
10 275
-690 -755
769 198
160 -567
-870 326
560 205
669 -475
814 694
-129 221
-113 -541
11 -132
813 -250
-183 273
488 199
-127 519
290 453
-993 -644
-205 -216
-986 -511
984 -572
-21 -710
-3 -969
319 -403
-579 -104
-97 500
-771 879
510 -185
-734 -774
-826 -471
262 -469
-446 -34
-239 628
-754 -81
-717 -861
-222 977
790 -253
-457 211
-584 530
-368 -866
304 -509
-938 -47
-21 -791
170 -935
813 -677
-244 824
-938 531
-2 255
843 -261
-93 188
-36 955
-588 710
-412 639
21 888
-631 -89
-481 -703
-540 202
-579 -932
-943 -461
-946 -481
-4 260
-683 591
-737 681
382 745
-446 -638
17 78
-610 -197
-717 -737
247 -994
-298 461
-70 -983
-838 702
-355 163
43 -753
11 569
-104 -172
199 640
-906 428
-62 -793
-549 -363
453 134
891 -282
392 926
-522 41
-45 -62
-932 -500
-192 412
-442 -92
-99 669
683 -344
954 -896
-139 -10
698 -394
267 95
-201 -471
310 83
668 929
651 -933
281 335
797 579
-629 527
989 -614
272 -729
-684 -445
738 649
-2 -546
-958 -571
650 502
523 76
-594 118
-510 381
-823 -689
410 -554
224 621
115 324
-880 442
334 -495
-171 559
47 600
700 -181
-232 -612
-176 -828
-971 -414
20 -604
880 -883
-801 988
-934 -369
976 453
-118 676
-904 167
-762 -602
6 -708
386 -235
-765 -597
734 -195
-933 -953
899 617
99 7
-838 -622
-161 797
583 -198
784 -828
529 -121
62 360
528 924
576 -783
517 -327
773 -749
605 642
880 -6
-643 354
130 728
766 -903
166 -302
75 -149
139 -803
736 701
-339 524
-95 -392
-204 789
22 -660
-751 702
-844 -921
-574 974
-110 -864
961 526
204 -45
-692 -654
-192 -991
-391 -54
424 -946
186 -689
-42 259
-763 -887
-399 -729
-17 948
693 -191
-264 -467
-107 817
958 763
996 -356
979 828
-224 245
450 434
-362 -838
-290 -41
-310 -174
884 199
772 -895
-340 770
-989 -542
-759 840
-129 122
731 205
-159 179
-190 -306
229 232
913 -570
253 -195
-894 201
672 -946
634 -669
522 51
-725 -522
924 995
-258 380
857 384
708 858
929 19
623 169
-306 451
-343 611
403 293
-942 -890
-540 428
-975 249
420 -107
-383 413
195 583
438 -932
711 331
-339 940
441 587
-540 -855
-644 892
126 840
381 993
-133 -408
-779 838
-65 -482
964 928
731 599
-359 305
-772 -245
903 795
226 -117
575 -688
-715 74
-52 -655
-432 858
-530 206
89 -396
-889 -318
-382 690
-911 970
398 548
383 447
95 -951
-280 978
902 -842
-317 -656
301 9
-111 -664
-134 343
101 428
-429 -485
884 -389
-367 239
-385 449
953 -149
488 -63
920 379
-405 -253
-813 -146
722 -153
-12 -439
140 638
286 16
-370 -355
-703 -673
-352 347
660 -321
567 327
-272 -367
-466 -686
-183 86
-242 562
-961 729
775 395
13 672
-948 852
-915 -254
-1000 711
688 386
496 -548
213 489
737 -920
624 512
-126 -906
879 -889
859 427
692 -571
593 379
-349 57
798 730
-844 -396
395 -932
682 51
-46 154
207 -282
-299 -513
-169 288
873 676
285 558
-574 -208
787 -924
231 -450
460 619
498 -718
-852 -867
-661 844
455 -361
550 420
-70 821
-205 -845
-922 -789
248 -666
-992 269
-306 -212
804 -906
-354 312
939 -378
-860 873
418 617
-913 468
216 -410
-682 776
16 84
843 -648
33 -245
712 -432
404 923
-334 -352
357 965
250 631
-470 -688
-14 -882
-914 -712
-431 735
663 323
707 595
34 283
-161 92
928 -587
-76 510
-418 246
125 75
-201 -395
-983 190
817 -329
-45 273
462 -473
572 -753
125 -434
385 510
-205 -213
278 -669
-331 948
450 156
-856 341
493 218
-486 131
816 789
454 719
772 736
175 -559
241 146
-616 275
-951 425
-892 954
214 -974
-198 -593
344 -973
856 -185
813 -678
65 142
610 -9
-972 -251
-467 169
798 577
469 341
951 -534
89 433
-656 -545
-306 68
-870 767
834 365
-982 -671
-454 199
-382 600
-92 930
-176 301
-499 -959
-633 -669
-807 754
455 -389
-986 960
773 559
-246 411
649 -129
-21 856
598 476
347 -663
-518 323
997 -415
-521 146
-901 54
220 -891
-973 277
54 664
911 -254
883 496
-330 -468
-85 322
184 902
906 537
-916 433
383 597
-577 -996
-635 574
-745 -386
738 -922
-194 -646
-374 -828
720 -321
556 -991
769 176
758 594
-599 -732
-693 -529
-456 374
522 427
336 -284
262 102
777 -574
609 -338
-493 475
-569 -654
682 661
58 -103
-802 -26
-361 95
-626 -843
661 326
220 538
852 -367
392 313
386 -272
319 966
782 490
-233 -641
550 -579
-405 417
542 490
750 9
-109 -127
-265 -495
662 -815
-218 970
919 -69
574 -412
844 -567
-914 438
-62 639
-942 -571
866 -108
-302 351
-631 -941
905 441
478 -211
-278 361
960 391
465 863
-5 336
-529 -408
-863 38
-748 977
-618 768
-388 479
-574 92
496 -193
843 -990
-180 172
-308 359
697 -264
188 148
-633 -923
-723 -793
-397 693
-168 721
-843 766
-394 391
644 534
-706 -889
945 17
-76 -893
405 -547
-60 922
989 -692
-362 -824
-357 425
-354 -1000
-101 67
172 -861
-137 -604
779 487
975 314
-955 415
-91 -399
106 -346
2 660
665 460
-211 528
499 -158
498 -397
-112 367
-438 410
234 413
-289 895
538 757
940 -933
-436 595
-799 83
-645 898
-358 52
596 949
-870 192
482 -641
988 -236
-113 -919
294 172
-496 76
-913 793
-487 434
825 210
856 760
-588 520
308 367
-458 -320
648 196
-705 -789
817 935
662 -660
-970 -465
911 -544
545 -635
-723 563
105 998
473 842
-347 -929
355 -330
43 -600
351 -781
-668 69
-896 -53
-539 -138
-421 125
675 600
-16 747
749 727
577 366
27 -301
-243 880
-938 4
990 -673
322 771
421 605
-815 463
562 -777
580 746
-908 -167
-415 -115
215 -650
964 -530
156 -171
278 937
243 -596
-905 -913
-169 929
-193 -647
-175 -531
34 389
489 -551
-368 -48
-281 -230
-613 85
-151 642
487 690
-658 -730
329 -969
-677 871
765 -393
-836 289
-121 976
448 738
-309 48
381 -303
926 -18
405 252
-337 958
-462 -453
-172 -176
564 730
205 -415
491 -661
-571 101
-710 733
-238 -475
854 -923
498 58
-519 366
-655 -948
181 -436
-219 -510
20 251
-295 -3
261 -763
788 -543
-11 895
153 -113
-547 -635
643 888
-124 873
960 -242
-260 682
-88 925
844 62
-347 -640
-661 -594
-611 -285
-365 -221
-540 -769
-70 -690
-54 612
221 574
-757 -670
763 39
89 84
-982 758
-757 -525
143 -573
571 -878
472 507
696 -368
-730 416
-807 -633
-131 -234
-701 -216
-190 749
265 -566
553 455
319 -634
815 -265
317 862
-981 -311
305 830
-165 243
342 -860
-621 409
149 645
331 622
-512 -673
-134 551
169 351
-106 -802
-857 -748
237 -511
381 -847
-399 -973
806 -265
112 494
780 15
-313 245
-590 355
-894 -183
454 -725
-741 -560
-405 602
-300 -164
-858 -714
399 -205
-695 -45
327 893
-1 -826
63 903
-484 -432
11 40
158 937
565 -668
450 -275
664 861
628 150
890 957
507 359
-698 -456
-12 456
522 150
-755 887
953 -559
-665 -680
-907 157
405 611
-690 -817
-266 926
390 -668
29 200
-54 678
159 837
184 15
-5 -111
-481 183
411 776
-349 71
642 -271
-193 584
276 726
762 695
-374 -179
749 91
-968 612
240 181
-882 -896
36 -804
-416 -459
947 -67
-782 898
-886 -141
390 -864
-633 -670
-539 383
-477 716
-891 -726
535 -630
-401 57
-697 652
-628 -999
684 851
918 357
-934 16
-72 491
-644 250
15 -208
990 -892
748 -939
576 251
961 -487
-835 -908
865 -786
359 -955
577 711
340 667
-471 698
-968 510
-261 -849
885 129
-690 -435
989 227
-376 81
516 757
957 901
-111 179
106 75
129 16
-319 -269
-272 244
-310 -196
-241 -625
105 2
323 87
627 -198
-492 -834
-168 -115
278 -611
-890 -979
-258 612
-767 -737
-826 -151
225 -400
68 -189
-223 -470
482 -680
645 -856
-735 578
607 -629
730 984
-471 -652
713 -81
592 969
316 585
260 497
906 -583
-179 990
-514 275
-934 -371
-406 -958
886 606
-386 239
-265 809
-374 687
-982 -480
-247 544
355 -500
501 278
-517 345
312 -560
-607 177
-696 -759
-383 -216
-227 -316
-730 -397
14 -417
-605 748
-368 -727
127 -489
-515 525
-213 47
104 -389
-403 -822
-668 128
-540 861
563 82
-818 -943
179 861
708 -626
850 474
121 238
802 665
-213 -712
-141 -297
928 -351
389 -129
-908 -11
-273 735
87 -375
292 826
791 320
-425 411
960 -770
-160 -383
-3 906
768 678
-32 -949
93 675
-720 658
-580 -333
383 -821
417 -148
958 584
-764 -937
-846 6
987 -321
519 105
-833 -740
651 -217
153 -368
-262 -978
-138 -200
450 338
-883 227
-751 -1
256 135
-20 -232
-385 -549
974 353
996 249
-921 81
-214 -170
459 273
-836 817
-121 448
800 691
168 -512
629 -233
397 603
-679 -69
-244 156
53 314
931 -893
-33 836
211 -102
-192 755
-65 -198
996 -976
-212 -667
974 -532
-155 -328
-341 -127
783 72
-622 -996
966 -5
-517 -30
-191 907
-995 646
346 598
-38 -388
611 478
649 253
-335 312
64 -245
-79 662
-438 640
-656 941
853 -460
460 577
743 602
653 814
-545 -941
-434 -104
412 -273
482 -126
-976 637
574 -931
-563 -944
808 -664
824 -115
-900 -633
-338 936
-631 -583
136 964
973 -479
-989 994
-895 -468
-476 -124
484 -879
449 -466
542 683
-539 762
-176 818
336 -16
-887 -799
-665 698
310 -901
-661 319
417 507
-158 202
-46 784
974 129
-393 974
-129 853
-909 -556
-285 441
-955 -214
745 -76
-496 -316
6 774
-963 -289
699 -794
-965 -467
987 167
310 136
-229 488
-941 298
-888 699
-681 996
-55 269
-803 -281
266 -147
831 -559
-101 -112
409 538
769 266
140 -809
276 878
-846 268
983 497
788 -542
212 979
-229 -923
105 389
893 484
992 -194
607 -573
-819 694
-391 331
668 478
959 201
565 66
-52 -45
-502 -925
-998 -820
-221 462
-257 897
855 921
-715 281
553 667
-666 -975
-299 786
771 -381
605 -727
-339 688
26 479
961 136
-757 539
-838 665
373 -881
-889 -480
746 561
-402 228
74 -606
738 188
-940 -552
270 -198
382 31
-394 605
-480 392
772 -761
-113 982
415 231
236 576
64 753
833 -590
-671 -952
659 -457
275 545
-817 474
206 -847
354 -762
-722 330
-361 -36
-234 495
986 -324
-419 -480
160 -564
-884 -142
-975 665
-745 -198
276 -27
-121 -740
-980 -675
-380 -895
659 -747
-624 -212
440 702
176 -208
-777 715
-472 223
-107 -866
845 178
366 175
997 -799
-515 337
787 265
-661 -290
103 -319
760 -177
-195 -340
-398 -279
-733 -720
800 763
-691 -980
123 148
-747 -960
752 740
987 -718
-744 847
-644 704
-382 133
-106 830
339 -97
703 232
-667 240
-967 268
89 -665
-89 665
331 193
1000 -984
999 534
-22 886
786 -320
-611 -24
184 -423
-420 885
-553 -401
-657 -115
970 -463
1 759
976 -293
157 972
-147 829
900 672
-117 580
-961 -952
41 -305
801 813
-946 737
-171 -833
231 957
626 -236
185 733
208 -2
-819 -560
-198 862
-371 -183
262 314
-358 -401
422 956
354 990
634 -874
45 219
-40 121
-367 181
-2 529
241 -413
267 161
-637 -257
533 -91
570 458
936 528
-690 567
-44 -19
-633 -428
864 -145
-362 689
840 -11
242 922
-9 -459
789 -239
-698 -475
-129 -932
-618 226
387 -906
-997 -107
-594 228
193 -826
-449 -320
990 -392
548 714
452 -900
-647 -648
595 689
81 331
59 -179
-837 -790
-163 482
-32 127
-660 -885
359 -143
-441 -707
936 -19
-714 -712
520 277
357 -712
-796 944
-334 605
-194 -272
-565 -299
-964 -832
700 518
-668 -36
353 -135
536 -719
-656 -515
-291 -587
-394 942
-874 658
-62 492
-316 152
-934 211
109 -800
-622 -662
-89 483
-250 39
377 -303
-226 -253
-649 246
114 -741
-551 378
273 -907
17 184
-329 -256
-662 -684
-377 700
743 -835
-343 -901
-793 -730
461 634
-927 -365
-588 136
569 -94
-254 -433
736 414
978 311
373 -615
-121 -352
403 -429
-111 380
-544 -486
420 -667
933 -628
18 -283
-986 95
-73 -451
537 332
-307 922
775 830
627 -438
-73 -430
-161 1
-276 839
323 788
-987 -301
87 -18
849 460
-80 884
314 -269
-91 36
984 -782
953 -466
713 -353
-927 189
516 927
647 439
427 16
-985 -992
716 -819
-924 -585
-211 -888
756 -237
-464 529
814 -918
137 20
168 -511
-37 626
-322 971
766 -292
424 584
302 681
-149 793
-311 198
537 -727
-571 451
-834 -30
-120 -353
-684 971
-897 525
-191 906
424 358
591 942
-117 -743
-703 -290
-920 -80
356 -971
-592 -711
35 780
982 -532
-31 528
-244 594
682 -293
982 360
-86 -415
53 -661
-142 -353
714 986
175 104
772 254
761 413
668 -65
134 775
753 -928
990 54
921 589
960 -737
749 -74
-764 284
856 -643
978 761
-637 -790
-487 -121
804 397
-146 38
-701 -771
-830 -763
600 170
-626 49
487 462
234 -885
-701 -886
645 716
-961 -751
-136 -455
254 -737
-141 -477
-109 502
-797 398
10 488
-447 -701
42 -290
-265 180
264 -749
465 406
104 594
-965 -321
72 -315
950 191
-786 765
815 -905
345 761
437 137
103 -514
86 -622
441 206
484 -298
-798 332
-362 -716
275 339
-139 96
299 41
555 -649
-698 -403
710 -842
-802 947
424 774
-733 -634
538 582
723 -450
-116 104
398 318
729 -680
-706 797
336 -933
-996 783
-970 779
417 -693
-505 727
593 495
-795 319
-855 -811
-164 -682
-471 -548
717 774
-466 506
-121 197
969 985
-687 -835
752 -5
623 541
776 6
856 500
-679 605
985 144
-749 -407
930 -804
810 301
995 -907
382 -738
205 842
168 101
-908 603
-246 482
-227 -708
-943 -250
-4 49
142 -46
618 -974
265 -342
186 -847
-209 471
-423 991
-920 257
637 937
-874 -303
-113 928
-290 541
-532 152
793 769
439 79
781 -888
8 -325
995 -463
923 386
46 471
-49 -17
-141 -449
235 490
-817 564
-512 -786
-388 854
-912 -427
-570 247
587 -971
-737 -221
-955 -132
-663 -717
-591 424
-458 824
-751 199
-141 -675
983 -163
-756 510
-34 -252
-254 920
-381 154
309 434
-624 -211
-90 -916
-430 692
963 -273
-171 -433
-137 -737
-689 -318
-742 -172
-337 -73
-324 -343
73 983
-250 835
163 597
920 120
337 -180
299 21
-176 -947
-219 771
-287 949
-773 -293
-722 -461
979 -912
-225 293
797 447
326 -972
-399 664
916 339
619 -8
-373 498
137 -826
400 -827
-953 847
697 100
-768 -747
-182 363
403 497
511 -360
-698 667
-56 -560
-333 -545
579 793
614 -590
-675 587
-377 36
-451 747
-9 622
-910 -2
-839 -106
-342 -964
147 722
-887 308
26 385
-322 -568
434 90
-571 -871
202 206
485 -945
245 172
-187 1000
-469 -438
-311 -465
297 355
813 623
-631 -746
60 -491
-979 -234
459 -111
144 105
752 -605
-511 -271
-312 -812
962 -41
-102 -220
332 -98
-330 572
91 -862
182 320
-900 -961
-280 813
-688 -930
893 660
-450 209
129 -927
984 543
0 374
-472 -136
547 -788
-488 680
-244 -473
-860 332
-92 -157
358 -650
146 -903
-985 781
102 -929
884 286
43 -390
401 -947
-191 -39
-798 -87
573 -536
-528 -98
435 -870
604 796
90 -663
231 -807
634 -693
865 -128
-51 -609
550 -592
507 99
332 78
703 41
-774 707
679 -985
2 -63
-600 -673
927 -350
-21 -968
85 243
844 -907
972 141
904 -737
-353 241
411 903
781 625
655 424
166 175
351 225
60 -156
-948 -339
-217 -197
260 823
580 -948
-973 694
-994 421
-87 -794
-190 723
706 -484
616 -382
-916 972
-359 -442
-640 710
-526 796
653 -600
-760 828
714 232
-969 -301
-383 -391
-543 951
-27 391
298 -205
493 -975
233 -513
-535 -123
-247 115
-282 -461
-680 488
972 -991
-469 -795
-783 -889
131 766
480 -858
627 -435
716 806
974 218
404 188
-561 -87
746 -252
647 -51
-298 762
-863 818
-231 -614
220 731
-310 -863
-58 -170
-873 475
-720 -744
-903 54
975 -305
561 817
618 290
580 107
-275 588
-215 -978
-343 -159
822 -275
-95 -624
-669 -267
281 762
-573 498
604 992
-358 51
39 23
68 -351
-742 -594
88 583
112 -572
603 184
954 -425
-699 358
-610 -728
96 678
614 -488
835 349
3 -304
-17 -720
694 640
-360 959
-713 -825
-794 188
314 -746
540 941
-812 -974
300 -566
-479 -387
887 6
31 -535
-187 -986
528 -578
-890 65
27 -999
-866 75
459 812
-161 531
726 -987
541 -351
-23 286
653 957
66 633
972 -240
-861 689
145 -229
568 -118
183 722
-981 935
459 522
823 482
694 -603
-749 184
-165 -758
-838 997
-632 124
960 132
-284 403
696 -862
900 927
-477 -326
-283 -951
-76 375
204 -446
-149 410
-332 892
403 -180
-845 163
534 -696
875 718
-362 -789
512 -483
-556 -293
263 -343
43 496
-500 -703
-759 910
208 -283
138 -427
907 472
662 -287
-898 498
-988 990
792 40
739 665
-923 688
33 388
764 -659
-835 -27
183 -92
806 392
492 430
945 -256
513 700
-14 978
200 657
-865 -957
-718 569
-54 528
-509 439
107 -503
-489 -885
801 -786
339 -123
-777 -114
134 567
739 -365
672 138
-252 -716
826 655
-320 539
-294 -939
142 205
398 891
-273 -100
-596 266
596 -270
282 976
-922 753
957 -92
-815 -240
-195 -837
511 -86
38 317
-368 -540
-976 317
-222 394
986 747
-683 -697
126 469
535 477
899 97
-494 -943
-795 -434
424 -675
13 467
507 -151
-740 -796
83 -887
70 287
691 -967
794 -879
868 -72
-879 209
255 -831
699 442
216 -632
-497 -712
341 -849
-836 337
3 483
-778 475
-561 -445
429 453
-755 176
146 -656
879 701
850 85
-871 -809
971 939
-471 -191
-326 -742
-483 629
-79 -428
-7 -185
-194 -580
638 927
953 277
906 -801
-558 320
-418 20
-842 -785
219 428
656 -297
-787 -267
-434 552
868 998
-850 -667
855 232
-342 -7
-328 -40
-688 634
-373 501
-852 272
555 -912
-713 -866
-804 4
-300 916
317 330
-658 917
541 -731
226 772
-230 -840
891 -685
-939 -386
-282 -903
-51 -194
-52 668
606 370
-540 -4
687 -915
-62 -452
-313 769
696 378
606 285
553 407
-717 -670
-140 487
-999 590
173 -728
-355 -423
493 -726
-430 -469
-857 32
5 945
-415 -280
415 278
-109 -765
303 -215
-97 -221
423 -905
-518 335
304 401
454 -920
-414 585
621 -295
-679 -776
-686 900
-481 -239
362 58
-198 749
342 -95
-356 152
-635 937
432 388
712 716
909 910
505 594
399 704
736 210
-183 -169
702 -461
-807 291
-54 291
-254 -198
-324 664
148 311
-521 -827
-944 549
-578 -832
836 -484
906 871
-771 714
-418 214
732 -414
73 656
685 905
402 -544
814 -654
-370 283
-73 303
-346 429
-272 -178
-772 -934
-543 161
-225 -799
684 -364
533 -778
269 -583
616 -983
-592 506
-448 -546
-659 -353
-289 586
183 -995
-431 -373
345 236
-732 941
937 400
-174 115
975 -210
764 441
218 -974
144 -53
305 -887
-867 362
-943 -383
-169 375
-156 -69
473 -544
715 244
143 327
343 -806
-19 -333
-790 -646
61 -208
355 229
-305 -522
-675 -836
-883 866
681 -50
933 -27
-491 96
-179 142
990 969
-848 -297
-188 471
175 199
-341 332
-330 -64
482 -3
26 277
-98 224
473 -205
628 960
-455 -614
51 -187
-477 -46
-890 279
600 33
102 411
287 319
662 793
-595 -360
-188 -152
-699 749
185 -359
287 204
823 270
-342 174
989 34
65 -864
-267 -402
-898 795
-143 6
638 -530
-662 -121
-809 -469
-668 624
568 780
-292 -948
867 824
858 641
789 -800
236 793
15 613
916 208
519 469
871 966
-216 148
231 -738
-214 590
176 -6
957 -775
704 -509
-496 275
-77 363
-285 -402
954 -142
-635 -558
177 952
-986 -446
-281 -876
-63 -414
-129 327
-934 625
-398 671
-596 1
97 -233
543 932
838 572
-584 -208
508 -824
-272 -714
984 -434
230 -702
575 -903
-892 -383
360 538
-587 238
131 355
-169 -54
97 -783
-217 357
-705 95
890 249
31 619
123 666
400 -310
-890 352
282 -919
-283 -332
-934 36
-503 -687
531 -105
-715 -335
-718 -674
817 -911
691 -706
-265 370
596 186
22 -755
562 -781
-167 367
178 -691
976 -61
789 -734
305 65
548 -710
103 -891
-411 763
-667 -959
98 536
702 -392
690 372
-842 916
409 844
-971 -912
382 339
-301 545
-295 -330
-842 694
440 677
617 -995
-542 800
-479 710
-149 187
396 860
-828 -953
168 -575
-860 -464
413 -980
-775 885
138 886
491 -627
-970 670
-879 594
-240 183
898 975
392 68
532 -935
434 -798
-641 548
-433 195
-714 86
-421 -199
-687 148
-573 156
330 -204
607 -286
308 335
-112 -943
-866 21
-799 680
649 798
-498 -736
-361 -826
490 604
905 501
361 969
-471 791
896 972
182 681
528 -839
669 -807
714 222
-176 100
649 -41
690 167
237 -3
907 -916
47 -913
-151 576
-273 675
-348 -914
311 2
700 227
-866 -725
82 -976
-651 681
-996 20
980 339
-616 958
497 709
-888 493
704 277
814 990
-458 655
140 825
-912 -425
695 -414
626 -815
837 -556
222 645
-846 235
693 568
-458 830
-161 232
-76 -522
-960 206
246 -774
479 -625
-115 496
-367 95
285 310
-765 -152
305 472
950 8
589 328
-451 67
-983 818
-737 -445
-832 162
-566 -92
-504 800
634 -574
-318 599
-580 264
726 402
788 49
-147 -171
-908 432
167 20
612 285
-243 -468
721 114
-997 641
847 -30
-275 932
-416 856
976 64
-830 -317
-979 29
337 -404
779 -709
-990 494
-111 -442
871 -454
791 -152
605 918
308 444
-274 -128
356 -904
611 317
934 -988
-933 -786
973 527
518 -908
386 -979
22 -887
826 787
-209 945
-316 167
-330 -27
-402 -506
979 396
407 911
-243 978
919 -287
-347 769
322 677
-412 298
230 -825
90 -257
-614 -537
-353 -76
-300 -977
836 545
-186 943
503 772
457 244
-614 -490
-596 819
602 830
-677 645
898 15
-317 -689
270 933
843 -536
770 501
711 -648
815 -821
390 258
-249 -598
603 613
169 -732
180 978
994 -807
416 -510
251 -835
-707 199
600 561
608 -147
699 167
370 -363
-323 -91
-402 -598
10 -217
615 -276
-318 -322
-319 -239
-949 -166
-860 44
-140 755
-149 16
-737 166
571 -204
-784 521
-505 635
10 -487
418 -785
695 614
-57 -184
-808 -257
524 -926
197 -51
369 213
-482 -304
-834 -59
761 -95
-206 402
-274 937
803 878
901 133
-61 288
-330 176
341 456
-109 581
109 156
-193 505
616 368
-113 433
231 393
771 310
341 -320
-527 -797
-311 619
948 454
820 -366
-351 -897
-100 -641
919 -507
-874 -574
286 832
66 642
536 -959
-363 493
899 440
191 -410
462 -886
-479 12
-441 716
-221 852
-309 -899
129 293
-330 -366
-576 -577
761 -856
-717 158
822 707
218 -200
-148 -498
629 251
538 58
-131 -738
211 334
204 -424
-533 -773
515 262
671 -477
611 721
-851 -160
-557 341
668 -712
-874 -7
988 -706
-604 869
-127 -627
-224 -473
-520 -156
-194 -534
817 163
693 624
638 69
-681 988
394 199
-965 -398
-163 799
-680 -167
595 -147
124 441
880 -654
513 948
-271 -942
168 951
884 483
191 69
-828 305
581 589
66 382
-640 427
34 -477
-509 -612
-845 -458
989 824
816 -392
-98 615
426 -772
-622 -138
144 -502
860 523
-586 141
443 -51
-832 -687
-221 -934
706 -582
-173 -961
760 -408
-277 484
-295 881
104 354
-754 741
678 -405
182 -564
34 597
714 743
-107 66
-175 276
-645 -83
-351 -184
616 221
-14 -1
752 -46
-308 -285
-967 329
-5 -325
902 -660
990 -986
-93 -317
-682 -266
-866 -125
-320 846
946 -401
134 917
99 -27
191 989
471 -982
197 400
-973 291
695 -645
549 348
707 -446
358 124
-533 361
966 383
-15 500
332 671
564 -420
-11 -948
-630 921
-158 -950
-384 977
25 867
-957 -828
-689 -390
546 263
-641 -57
402 527
381 377
-157 430
-37 693
802 95
449 330
803 635
-717 -33
-486 216
172 602
-337 -669
-483 -183
661 490
95 866
497 471
634 -272
722 520
221 -101
-51 -458
754 -854
586 -28
-892 851
-767 89
-999 165
-691 -666
431 413
456 -686
-219 672
990 868
191 -875
-441 -617
-258 207
269 -124
75 220
423 670
442 -687
123 712
52 708
-165 -35
-38 477
92 -797
74 495
925 -734
136 -452
-189 208
-632 -634
-526 -405
491 -377
804 -900
-139 918
-195 643
-735 -758
-649 -729
-905 39
-620 -820
678 -707
41 553
-102 -130
-763 -838
-719 -49
156 -475
-184 898
431 -612
-850 -81
-261 350
-702 536
422 -724
-881 -815
609 280
360 -392
-741 -267
-334 -241
710 638
241 473
485 -96
-7 72
320 1000
-998 -263
690 970
-12 -550
-712 -525
-625 918
-4 -598
-728 -227
409 -937
-997 640
-387 593
-584 827
-671 818
-575 -251
-228 756
700 -211
366 -759
-293 -352
-510 -944
-466 426
292 -111
-215 -617
-502 507
-616 55
42 225
-317 -441
-403 863
-748 -901
-469 -240
197 -502
739 192
-278 236
818 721
-1 369
397 466
-623 -564
729 -139
9 -538
190 667
-726 -827
-620 -340
-991 -463
-9 -555
-700 -309
205 875
-959 952
444 241
980 35
-865 654
513 -591
604 -650
163 331
607 268
262 -521
813 765
-886 -479
-351 -580
699 -759
-934 396
-553 537
-859 350
-364 -457
-990 -301
352 399
626 -240
-605 -238
-549 -278
-162 -644
582 -936
962 -187
-577 -587
98 622
-78 468
488 622
-682 921
125 -984
-712 732
-662 -208
441 440
-636 337
-428 -86
-391 -96
-136 -285
747 308
591 -634
475 -796
228 -227
-497 887
-438 273
54 -180
987 -199
51 -827
-248 329
186 479
81 131
-826 90
148 23
332 788
-957 813
-223 891
-733 213
272 795
-675 119
484 62
-497 698
-404 214
-842 409
-953 526
-68 -716
-534 78
931 -995
-365 -128
-372 40
-741 951
-127 951
632 686
278 -46
-321 -105
-292 77
709 -375
132 71
351 -537
166 -533
-944 -34
325 562
435 -421
362 -465
-430 509
-979 435
-247 -781
929 692
-913 -207
-252 -611
-982 715
131 150
-670 745
914 -154
382 927
696 -179
504 -565
-9 877
867 273
-338 -483
748 20
108 -448
-877 253
-948 173
-919 -55
-652 768
245 62
835 988
-265 -832
-569 203
291 826
827 988
45 887
638 398
914 612
-168 727
708 -855
-580 -406
494 -249
-289 -559
329 -995
-733 -174
-956 -395
-462 552
-922 -271
245 626
793 -471
592 -666
-897 -985
906 793
-634 -898
-675 -222
-395 369
29 -891
152 63
559 -934
300 399
-556 217
837 688
488 247
-457 -702
-805 706
200 -59
103 -332
-177 460
403 223
-814 771
-98 981
736 -238
142 696
72 -151
-912 481
875 -870
55 949
-926 588
754 -972
418 -784
623 182
913 -696
-69 20
-82 -904
-576 594
-707 -395
-247 -68
-549 -598
17 707
-510 -1000
-526 -896
594 -595
-514 -928
-658 851
636 -663
424 362
922 -891
853 159
-757 788
434 319
622 852
717 576
563 -216
-134 952
373 826
113 -406
450 -630
-717 -721
57 653
321 -856
338 -612
-994 388
-230 -624
386 -891
87 -555
624 -683
731 -719
-994 678
-645 0
402 -192
659 -45
71 634
736 463
616 809
901 -7
-788 -899
292 244
-63 479
633 42
-65 892
574 -864
-326 -989
862 701
-855 252
411 -761
243 -477
-247 334
411 -588
-44 -189
-619 -297
-983 75
-862 817
147 -472
-769 70
751 333
-600 236
820 586
-737 347
571 -111
394 248
-607 869
-197 958
-620 613
-563 596
-496 369
793 -48
-186 82
555 -661
-949 -155
-576 912
-561 -931
756 -141
871 714
-915 -150
-509 -517
453 957
-459 -306
-496 -891
-741 974
171 -994
377 927
-655 -864
145 -610
52 129
164 859
-931 811
412 -875
-853 609
133 64
37 -451
-162 513
-56 -584
-791 -543
114 345
-212 -698
-19 -280
-200 -297
-249 -439
619 653
-71 305
-550 -255
-18 -930
-250 193
-592 -600
-830 -863
652 677
-122 -30
-839 -17
-195 847
754 491
-97 626
-435 79
-245 -69
746 570
829 -306
-809 813
-160 -254
-889 -84
623 989
352 484
649 -474
-103 -73
700 -782
20 515
-371 549
860 -626
201 338
-51 564
-371 -224
-80 -762
-590 -773
224 908
133 -774
538 -732
-998 -169
-521 715
-721 867
-910 -827
819 868
968 106
822 69
-306 838
334 -157
-918 982
928 744
91 122
-746 22
-149 -408
701 -619
564 474
849 -635
678 614
-676 93
441 825
-499 273
-838 -860
440 -884
-894 -936
-364 -721
48 964
-308 807
490 781
-972 -99
-247 701
504 -157
722 892
443 -923
-240 435
535 -435
394 675
-239 654
-303 776
-560 255
154 -425
-193 -251
-573 11
-967 -51
933 239
-972 397
2 -451
87 -833
-109 -986
298 -455
-874 -732
792 -690
400 -492
696 -223
-887 26
852 247
-690 -246
-67 -857
798 -746
481 115
615 816
-705 -275
249 911
-56 635
878 822
-183 -902
-925 473
299 -373
-303 -543
14 934
893 -468
-449 279
-619 -467
55 -910
196 416
-307 578
195 -394
48 -727
866 616
-725 937
-154 -864
-284 -773
-548 571
-133 -548
-444 929
371 -811
-926 -355
67 290
-107 918
-932 -726
-383 -946
637 -427
-637 427
-189 -779
-996 399
-702 748
-379 -485
-417 -130
-181 -167
-504 847
370 160
101 -156
798 206
-603 -436
569 -985
683 378
11 441
381 401
-181 -121
-357 782
617 131
-701 724
30 374
180 391
707 -764
-590 566
-323 -409
408 -583
880 -157
878 295
865 708
-98 -239
84 296
344 85
199 -824
-994 -401
-479 -329
770 -585
-550 -408
-70 773
-899 -158
-338 692
207 -571
905 563
-79 590
-302 -191
181 -519
-161 -771
658 -500
576 174
496 -202
269 -450
438 956
-97 -256
-906 384
-829 665
310 -649
-57 815
630 -574
-963 800
-312 -780
-701 -875
-936 834
-545 486
-299 506
-882 210
768 -20
96 16
319 -104
-815 791
6 -485
-980 -516
50 577
-624 -949
-870 279
-831 -627
-385 -285
-594 43
-77 255
555 -527
-800 -459
91 -434
474 439
347 175
609 688
-177 350
708 -402
-559 564
258 948
-974 198
-381 103
574 525
-811 -173
-77 -971
958 940
-408 771
-576 -485
760 -227
572 -835
510 -204
84 -694
591 742
298 923
-443 160
989 -70
1 -287
-324 -589
417 -606
27 -690
-703 -73
-759 -305
997 364
752 545
363 576
-682 -184
266 -762
613 685
-724 454
669 843
813 -613
559 -148
-407 -211
669 764
-772 190
359 762
-706 305
136 -333
931 602
-570 689
-948 323
329 268
729 -35
-277 -566
-188 -87
-494 536
433 350
-640 -57
-472 -663
948 -214
-200 -648
442 484
703 -285
-136 -160
-350 795
-66 -744
15 -138
907 -955
-740 -868
-316 558
-706 -952
-268 -249
275 813
621 -354
-535 -155
873 -968
483 910
-812 720
114 -403
-306 -411
513 -870
-571 -367
-556 -511
168 458
50 914
-949 -552
-532 87
893 -187
341 -904
629 846
336 -492
-279 -814
-263 -235
441 -248
695 228
-978 164
-333 177
-600 -33
-713 -413
-569 -717
836 -139
244 -463
-111 808
646 74
-315 -968
-996 661
909 -865
405 697
-262 -722
-467 -798
-858 -85
-659 -156
510 950
62 -879
977 835
-852 447
635 811
-948 -68
731 380
-713 -985
824 74
-772 -302
-259 201
-810 561
77 563
761 610
-313 904
-828 235
657 879
-376 -615
-718 791
329 -211
-654 162
541 277
919 -151
139 893
-892 -521
-820 -348
373 63
612 -167
84 70
554 -105
-912 -882
-247 173
703 -249
-592 702
481 199
173 -909
-646 365
898 -965
639 106
-824 825
291 66
833 -485
-546 -728
339 334
-360 -712
824 -371
-827 -229
-655 823
-849 -621
-828 -286
339 319
-772 612
-216 -9
920 304
477 469
997 -72
-389 429
-483 -650
-940 -981
646 -958
-908 -311
-718 -236
884 144
-349 931
-537 193
548 367
-767 590
-309 -445
141 -774
519 -420
-121 -853
-176 -589
432 -213
884 438
-633 268
738 -610
629 -841
158 221
-507 -493
-108 -928
606 -799
823 -155
56 242
275 80
902 863
-685 -613
-336 -553
-748 -729
-785 292
214 -950
706 231
-188 842
-97 29
375 496
900 219
-151 459
-798 -574
992 -962
-491 -366
-487 28
187 919
635 -319
-190 -782
594 -763
-484 -553
363 310
-925 540
814 -413
-244 535
614 -879
674 -685
491 27
485 -805
838 -581
-763 23
-423 540
852 240
575 -287
-575 287
-31 -957
-776 911
-727 -853
330 329
544 -709
-976 -208
-779 -646
-441 890
641 699
-534 -174
674 -233
647 -335
419 -847
843 -531
-952 -1000
928 -390
171 613
119 -335
23 540
898 -735
290 -288
-489 725
744 -464
-134 6
2 -537
111 -69
1 87
-307 675
765 -87
7 153
115 -17
910 794
989 527
-42 -768
695 -106
-277 78
-676 947
-1000 617
267 -25
-927 117
196 -387
-721 -83
790 -38
32 280
-565 -996
551 147
-365 -126
-372 42
97 -98
601 950
-247 -122
216 468
649 488
-795 -532
-997 -474
74 609
-255 -548
-223 -1
279 -238
-947 143
4 27
-760 628
776 116
166 -392
682 -287
507 -535
-406 -258
585 597
183 -547
126 567
-291 629
31 -746
494 783
-10 -954
293 -94
145 389
758 91
151 427
-886 966
559 399
779 595
-921 -264
390 707
857 596
-738 -467
-975 872
354 -538
444 612
661 -330
734 -862
400 642
284 864
391 956
818 488
881 868
-127 -638
-617 106
224 -653
138 493
362 847
720 565
997 -959
-6 198
864 884
629 572
685 890
-831 580
-516 655
-470 567
-1000 982
-467 -916
-64 -736
258 -282
-625 889
-470 -25
729 -698
-78 -464
-542 749
-40 663
-379 -95
878 119
-460 -180
939 145
530 494
988 -381
509 -352
-950 -561
-631 -252
-445 -185
-372 -969
-433 -657
92 -699
-818 958
-853 293
-601 -174
-229 -723
-166 489
-583 239
368 57
403 522
-597 972
-443 739
739 -424
130 -378
911 674
246 169
-57 607
-820 393
-272 -921
-868 292
-770 759
678 341
-139 959
259 233
134 -521
64 95
762 170
-265 511
941 -776
-45 -857
482 597
-132 220
170 -19
798 -770
-944 308
-923 -446
-323 -730
275 925
-573 -438
426 723
-815 737
-80 -740
968 402
109 -365
254 179
257 107
450 -146
-718 -354
190 -357
-42 663
-350 732
879 -12
659 880
-694 -281
-176 599
-832 43
-358 -304
737 405
82 -372
264 631
889 -913
855 82
-71 778
29 -631
10 -435
462 -14
-997 697
11 448
180 457
490 -172
380 161
-113 -988
-977 -817
-379 -123
460 216
634 -257
-62 -128
212 585
-998 -860
-472 294
-234 -959
-804 428
-1000 383
981 -429
-702 -176
-815 -407
-350 265
-389 -869
-844 578
736 -627
-624 578
-566 -557
123 -560
-889 490
703 322
815 260
26 -342
-549 -682
473 829
-644 -124
-402 -257
-388 -310
-868 -406
-735 79
382 586
883 931
959 -546
136 314
903 -990
938 -862
-146 234
-662 -761
-200 -602
439 310
-130 -268
991 357
778 -532
-457 -484
781 231
-953 -900
549 -708
572 236
-558 -809
8 -445
739 -861
-1000 -324
-700 997
-990 735
101 533
481 -964
-267 686
-693 16
378 -459
3 345
352 85
-572 -54
-762 -420
-713 -126
-694 856
861 428
-893 265
-261 226
-663 870
-466 -184
448 599
-174 -383
368 -527
219 -457
-694 939
472 -622
774 444
-909 -583
-146 512
287 823
326 731
-600 59
612 -516
-841 -740
581 -872
298 687
-101 176
667 -726
-923 -966
-91 -126
897 289
727 -493
667 -549
-6 865
-386 398
-292 983
-858 -278
-366 -35
228 -584
206 -140
137 453
715 -563
-747 213
-379 -7
16 -102
710 -74
294 236
702 249
-249 843
-266 513
742 750
375 499
-937 -458
545 -645
973 442
-994 -681
117 552
689 -609
531 -489
-156 715
-632 -264
541 327
639 612
-114 -607
-853 -456
468 36
-202 191
587 102
-714 963
231 -427
-166 -357
151 -885
79 -546
981 354
847 -960
527 938
784 738
-643 438
-41 488
364 292
692 -26
49 -838
-597 306
938 -983
-368 812
284 -118
920 -711
-709 -313
-359 -114
-455 110
535 -928
314 851
744 -124
10 584
-62 -771
540 -641
-574 787
937 -620
-641 -700
181 -970
213 -376
-29 21
856 -935
336 918
-154 -809
-475 694
-582 -217
767 853
-897 -833
194 -163
619 354
-879 65
-396 -693
-988 -51
564 -634
-720 -492
-884 380
-223 542
-404 412
-161 200
828 541
668 810
-997 978
-576 141
-409 -697
811 -899
-51 -986
-401 840
603 -760
-580 -123
-868 613
292 -516
-624 -354
897 269
-266 208
-262 287
-22 270
385 -119
-777 -834
213 342
546 -682
-723 147
704 -183
15 113
-809 -578
-893 620
963 715
88 655
969 778
987 -892
-10 778
-795 450
-9 -793
48 881
369 811
-539 185
-22 853
602 299
-587 6
-550 -57
-213 889
445 -485
-580 946
758 -446
464 912
-875 -384
-505 -70
183 -548
787 -857
532 641
565 -419
610 225
-31 751
39 915
616 530
-386 723
-131 -953
369 742
800 -897
-540 724
920 -747
15 -115
954 468
789 405
-609 -153
206 313
-423 793
878 -96
-711 565
330 509
670 -153
-991 -994
-406 872
624 457
589 601
-638 670
-636 304
-973 22
-427 -875
-340 -788
-819 -817
125 10
-32 615
-250 995
-214 440
106 -337
-55 -355
538 843
-629 -908
6 173
483 592
521 -653
512 290
-766 -239
-513 -31
567 452
197 542
828 912
-635 -692
724 737
944 189
980 843
-662 178
-509 -653
859 -661
-721 -45
444 -564
779 -359
24 -727
-589 691
-915 -893
-972 -894
763 -871
-151 -695
904 490
366 -683
802 281
125 590
494 381
-642 482
-860 -690
46 -31
-814 179
-173 -829
258 -72
-484 -646
-345 -126
-11 565
60 -105
993 -306
-820 -461
587 448
-238 -612
-384 -54
299 940
325 932
-821 612
-864 -909
631 -990
597 8
-493 674
-253 -708
-450 708
857 -24
-331 -494
446 -665
-869 -870
571 -913
-173 770
-78 806
192 133
301 349
212 200
-865 835
-162 -999
184 873
-758 -213
727 796
-369 35
-895 -476
-289 369
296 754
996 867
563 852
707 609
390 319
-460 30
-136 -337
121 492
-111 226
-31 -59
-491 -560
-284 767
-618 353
-960 -484
-802 -774
897 58
-717 269
661 -85
-513 213
-654 939
-211 619
281 -496
-6 219
-779 -139
46 638
68 978
-180 627
60 962
725 976
-314 12
534 -481
73 -276
270 -836
119 -836
-206 229
-33 -15
879 200
-174 274
-955 -682
405 711
-296 -480
970 -770
-682 -773
664 262
403 474
-756 -948
-599 -336
-738 177
947 665
406 638
-79 968
725 276
-713 -938
-781 229
-481 -682
-428 -923
-165 959
195 954
397 426
-913 26
-91 -765
679 468
-481 -281
-636 -913
467 -349
781 -259
-304 261
-600 962
-138 694
-444 -239
-830 244
995 -53
-870 -637
965 857
-839 495
964 -747
-563 426
-689 -911
-41 293
-328 989
-876 -317
-215 578
974 600
944 731
-407 -693
-357 -636
280 755
278 834
-5 238
840 491
-219 359
608 -392
-74 880
394 -456
-798 918
996 662
172 464
-261 229
267 44
766 504
-566 229
102 -696
168 567
-82 691
-441 71
4 -613
171 -333
-975 657
-916 244
-660 270
324 -472
-875 598
-129 -813
132 644
-577 849
975 -740
-634 -812
-784 659
-680 -235
-447 308
-793 -503
-409 852
650 424
-955 112
807 242
-684 709
457 -776
-802 -494
970 -893
851 -99
-650 -138
-280 -991
345 154
309 -994
659 184
-68 398
737 -894
162 -996
-311 -876
-710 58
-367 -672
-938 558
-139 562
813 821
120 -652
-445 -81
-420 222
-948 -384
-161 947
415 -690
-800 658
407 -93
338 614
395 757
-622 -642
131 207
-222 -16
890 -146
62 -305
922 718
-653 -880
-255 337
-95 -407
338 392
-533 -665
359 -529
-94 439
-966 -411
-678 830
295 715
928 -354
-445 836
-995 -635
208 -921
-60 650
-413 -670
-625 -748
-435 -658
793 998
-331 -867
65 -945
-139 -182
-362 -949
-215 856
161 -21
177 -946
450 -220
6 932
-261 -745
578 -685
419 -768
638 195
-508 -508
931 33
-576 31
-81 114
133 -805
-703 775
929 448
-589 267
-32 604
215 -124
-263 273
408 81
54 -13
91 -409
-506 813
439 620
465 241
81 417
267 532
-547 303
-25 110
-638 -750
790 975
-682 -848
-48 765
11 -832
941 -185
-831 -109
-975 121
439 -31
-849 649
-345 -248
-936 -728
758 -202
741 -826
191 403
-269 792
102 -403
744 827
204 -676
908 668
201 608
-892 678
-740 -265
-687 -770
832 -174
448 391
-360 -104
-432 -875
875 -369
-356 -641
-610 783
-532 -646
-583 947
919 194
-743 730
-724 -366
994 -317
-147 648
-929 735
-947 832
433 -764
771 475
-118 382
-409 -320
-761 687
931 641
14 -186
-541 6
-351 458
240 -494
197 72
-677 631
506 -306
131 854
595 477
281 101
-45 -902
852 500
-539 717
-638 -287
555 -202
563 891
253 865
-378 -637
-308 127
-196 -376
983 -433
58 369
-564 445
-421 -897
-427 204
44 316
875 842
370 398
954 -853
897 -260
-915 -706
622 -407
132 830
-202 845
158 -3
86 -626
-167 834
-472 240
56 -598
91 -445
110 278
239 118
-836 228
836 484
587 822
-418 982
931 -33
965 -369
-422 -271
29 -605
-187 162
-477 388
-846 353
628 -432
77 -416
-52 -175
843 750
-455 -222
-111 -400
-136 501
-133 -106
-906 -300
-564 -268
692 505
929 921
751 862
-486 995
-39 -372
-240 367
-565 -232
565 230
-179 842
-459 635
-378 -255
-236 478
-32 369
639 -325
762 -15
134 876
-824 324
-861 600
743 589
455 -348
-571 783
734 400
457 452
-184 -111
-411 33
652 -759
-614 978
-153 745
134 910
-71 100
108 -352
880 -257
-598 -530
22 -761
290 -926
270 -76
609 -841
-378 -548
-235 -361
907 -553
-611 -532
-372 868
280 -510
-845 394
104 -115
-411 741
389 -21
541 916
863 -518
-694 -366
876 517
638 -865
423 -24
475 -992
-307 664
391 -677
885 -760
860 -133
-414 79
-15 602
-500 -561
608 -103
200 299
451 -172
169 700
-635 -593
-16 -206
994 816
-885 -821
-405 -597
380 163
-350 -541
-479 -185
206 611
-418 748
932 -118
-880 -737
154 -163
-649 733
190 55
218 292
-532 -258
579 805
345 95
-618 -169
-441 -622
-564 -2
549 854
-819 96
198 159
914 228
-100 609
-958 281
118 70
-467 -204
-437 921
639 416
301 303
970 46
-914 -390
-30 620
-329 -192
-763 65
-957 -294
-890 465
321 514
-502 870
-997 396
743 -942
-406 -135
864 -752
-568 -15
257 171
-316 668
893 648
806 -388
821 -478
-41 -701
467 -945
-315 -460
873 356
-162 248
380 -77
-914 -842
233 -806
-963 71
-370 228
-493 347
932 -613
-881 -804
91 336
827 452
-594 -75
724 -664
206 899
741 -356
812 -68
944 24
559 901
-497 911
620 757
-136 625
996 -466
-585 492
25 924
-9 -295
-642 206
-533 -510
-729 749
-68 169
937 643
254 617
-741 561
-220 117
-548 -729
819 -706
667 -773
-720 159
-765 -726
-935 883
180 94
-676 200
761 -113
523 536
-79 922
-104 -651
588 -605
672 -657
799 976
554 -974
-622 -931
-100 679
136 -752
334 809
-583 -976
643 -340
-970 184
56 305
-203 -388
829 458
279 -23
862 -219
109 980
-947 970
-8 542
170 -258
28 350
965 683
801 730
-458 182
-843 92
518 857
867 329
-958 492
-135 -639
540 -933
-900 154
88 352
412 940
952 -214
-393 325
740 -462
481 -531
451 587
34 -768
239 552
1000 -388
-390 -730
586 133
700 157
-56 -319
-527 266
-350 544
-95 741
529 995
-800 -176
-659 275
-326 -537
21 199
-119 -806
374 823
-483 -681
-168 397
404 -410
-819 -983
-436 -759
-24 -968
-812 -116
354 -878
-779 -69
807 -456
859 -880
-955 -390
833 -992
-382 314
-254 -570
-885 -894
-962 -297
-953 -22
851 -53
502 643
433 904
494 359
764 65
129 756
799 -415
118 -684
-520 338
784 -863
847 811
95 54
-276 -764
114 669
857 -784
156 969
329 -278
329 395
93 418
-669 -645
-131 155
633 838
649 937
154 329
-231 -357
-811 271
66 668
255 -557
735 698
19 782
691 -680
-962 124
-137 195
-545 204
666 351
-149 -707
-546 -827
546 825
458 -448
-552 822
75 -302
-605 -348
412 -46
-790 -184
-670 294
-700 846
-217 787
-370 -576
-601 522
704 292
-410 -433
823 -572
732 242
269 588
821 -486
-893 323
-205 -336
903 141
209 -245
-211 -709
-805 -763
182 70
-293 827
15 -701
555 617
232 -374
668 776
580 -240
-945 -889
-571 118
825 803
-206 -874
650 414
-24 855
-719 903
497 -630
911 469
841 -932
792 67
299 85
261 -746
-66 -380
258 -283
-788 552
401 517
727 -694
-462 248
-592 413
68 -456
-518 -441
-791 199
-899 465
456 -339
843 894
825 223
-221 -960
10 -743
209 514
-360 822
141 -172
231 -216
246 386
-653 -580
810 -412
365 -765
936 -447
-201 822
947 -178
193 -283
942 608
-347 993
341 359
-491 397
-805 -490
74 354
620 -337
866 134
904 951
388 -280
-578 206
130 -716
-881 170
92 578
948 -377
930 -736
-928 517
-818 718
-61 -217
-632 262
153 -746
-878 269
-583 831
-66 244
49 -832
-703 273
191 987
-165 273
-32 -475
527 541
-64 968
439 461
-918 -426
631 -269
-332 439
-982 -815
660 -872
145 640
677 -596
-41 -567
392 -151
247 -407
170 -133
-248 -750
-233 -351
716 -297
-306 -407
-637 184
-998 536
-702 -985
297 750
-722 453
833 -596
591 -556
-591 554
-556 949
493 -209
604 489
541 915
183 238
-599 926
-319 70
-793 -80
-941 -448
-755 21
-487 829
457 609
210 -465
741 273
44 71
686 370
814 679
-702 673
327 -923
310 134
-133 -759
320 898
202 -987
711 846
-951 206
-339 431
600 -603
634 -599
428 452
-521 768
438 -56
-447 -122
-663 715
533 487
620 -983
467 947
-132 976
802 456
287 -17
972 920
683 471
-888 786
262 -456
-261 869
280 -756
76 52
-134 -416
-499 377
-231 1
871 -356
-957 292
999 663
-4 390
532 502
89 -751
-359 511
74 676
945 -405
465 -927
649 -996
644 -916
804 -715
-899 -828
-796 192
888 -973
-714 -997
786 408
782 -1000
-139 894
-563 326
-729 -228
-292 -424
13 -778
-554 -797
283 -159
-44 -711
407 977
22 -591
247 534
-90 286
862 465
929 -792
-13 953
557 -727
-737 -921
-170 48
410 201
799 337
739 -971
909 785
130 -851
825 -133
-255 902
-678 715
-52 139
-507 32
-815 689
617 588
-867 -667
808 -916
212 -885
-439 715
-231 -881
-627 499
-72 790
375 -860
261 516
-922 -334
-745 -289
95 -572
788 363
949 -888
98 793
-520 780
-466 -983
-702 645
-144 103
128 118
538 641
907 508
897 294
55 730
283 -827
-546 403
